0, 53895285.861, [-7341.340944336029]
10, 7.05617915084, [-2.838340915190038]
20, -0.999986297775, [0.00370165165430136]
30, -1.0, [-4.2682933109435404e-07]
40, -1.0, [-2.166633586852297e-08]
50, -1.0, [2.916818203658948e-09]
60, -1.0, [2.916818203658948e-09]
70, -1.0, [2.916818203658948e-09]
80, -1.0, [2.916818203658948e-09]
90, -1.0, [2.916818203658948e-09]
100, -1.0, [2.916818203658948e-09]
110, -1.0, [2.916818203658948e-09]
120, -1.0, [2.916818203658948e-09]
130, -1.0, [2.916818203658948e-09]
140, -1.0, [2.916818203658948e-09]
150, -1.0, [2.916818203658948e-09]
160, -1.0, [2.916818203658948e-09]
170, -1.0, [2.916818203658948e-09]
180, -1.0, [2.916818203658948e-09]
190, -1.0, [2.916818203658948e-09]
200, -1.0, [2.916818203658948e-09]
210, -1.0, [2.916818203658948e-09]
220, -1.0, [2.916818203658948e-09]
230, -1.0, [2.916818203658948e-09]
240, -1.0, [2.916818203658948e-09]
250, -1.0, [2.916818203658948e-09]
260, -1.0, [2.916818203658948e-09]
270, -1.0, [2.916818203658948e-09]
280, -1.0, [2.916818203658948e-09]
290, -1.0, [2.916818203658948e-09]
300, -1.0, [2.916818203658948e-09]
310, -1.0, [2.916818203658948e-09]
320, -1.0, [2.916818203658948e-09]
330, -1.0, [2.916818203658948e-09]
340, -1.0, [2.916818203658948e-09]
350, -1.0, [2.916818203658948e-09]
360, -1.0, [2.916818203658948e-09]
370, -1.0, [2.916818203658948e-09]
380, -1.0, [2.916818203658948e-09]
390, -1.0, [2.916818203658948e-09]
400, -1.0, [2.916818203658948e-09]
410, -1.0, [2.916818203658948e-09]
420, -1.0, [2.916818203658948e-09]
430, -1.0, [2.916818203658948e-09]
440, -1.0, [2.916818203658948e-09]
450, -1.0, [2.916818203658948e-09]
460, -1.0, [2.916818203658948e-09]
470, -1.0, [2.916818203658948e-09]
480, -1.0, [2.916818203658948e-09]
490, -1.0, [2.916818203658948e-09]
500, -1.0, [2.916818203658948e-09]
510, -1.0, [2.916818203658948e-09]
520, -1.0, [2.916818203658948e-09]
530, -1.0, [2.916818203658948e-09]
540, -1.0, [2.916818203658948e-09]
550, -1.0, [2.916818203658948e-09]
560, -1.0, [2.916818203658948e-09]
570, -1.0, [2.916818203658948e-09]
580, -1.0, [2.916818203658948e-09]
590, -1.0, [2.916818203658948e-09]
600, -1.0, [2.916818203658948e-09]
610, -1.0, [2.916818203658948e-09]
620, -1.0, [2.916818203658948e-09]
630, -1.0, [2.916818203658948e-09]
640, -1.0, [2.916818203658948e-09]
650, -1.0, [2.916818203658948e-09]
660, -1.0, [2.916818203658948e-09]
670, -1.0, [2.916818203658948e-09]
680, -1.0, [2.916818203658948e-09]
690, -1.0, [2.916818203658948e-09]
700, -1.0, [2.916818203658948e-09]
710, -1.0, [2.916818203658948e-09]
720, -1.0, [2.916818203658948e-09]
730, -1.0, [2.916818203658948e-09]
740, -1.0, [2.916818203658948e-09]
750, -1.0, [2.916818203658948e-09]
760, -1.0, [2.916818203658948e-09]
770, -1.0, [2.916818203658948e-09]
780, -1.0, [2.916818203658948e-09]
790, -1.0, [2.916818203658948e-09]
800, -1.0, [2.916818203658948e-09]
810, -1.0, [2.916818203658948e-09]
820, -1.0, [2.916818203658948e-09]
830, -1.0, [2.916818203658948e-09]
840, -1.0, [2.916818203658948e-09]
850, -1.0, [2.916818203658948e-09]
860, -1.0, [2.916818203658948e-09]
870, -1.0, [2.916818203658948e-09]
880, -1.0, [2.916818203658948e-09]
890, -1.0, [2.916818203658948e-09]
900, -1.0, [2.916818203658948e-09]
910, -1.0, [2.916818203658948e-09]
920, -1.0, [2.916818203658948e-09]
930, -1.0, [2.916818203658948e-09]
940, -1.0, [2.916818203658948e-09]
950, -1.0, [2.916818203658948e-09]
960, -1.0, [2.916818203658948e-09]
970, -1.0, [2.916818203658948e-09]
980, -1.0, [2.916818203658948e-09]
990, -1.0, [2.916818203658948e-09]
1000, -1.0, [2.916818203658948e-09]
