0, -0.126582973143, [-2.479887293069936, -9.310386514559008, -7.267755754895324, 2.6451270361921857, 1.3690255794560926, 7.304681071202598, 4.358356334112404, 9.092666805171351, -7.542063242941202, 5.249507604056696, -5.067828376648222, -0.374681060214062, 5.962190348718828, 3.5736573148730386, 5.381614529934735, -5.394452134295802, 1.2769118548527896, 4.4199998025358305, -7.953079262613221, -9.013675516142639, -8.576925231718853, 6.15971015141092, 9.380897575687992, 9.593811293083633, 1.823347675263168, -0.8460529593734165, -5.522218116171313, -0.03144320789503041, 0.7193727987501504, -0.36251414338551236]
10, -0.143604631948, [-6.920378793048425, 3.2399879648422285, -5.262455037646307, 2.6451270361921857, -2.0322443345234067, 7.304681071202598, -6.948746002352993, -1.982005988477297, 4.105301745946374, -6.311682211864079, -5.067828376648222, 1.8259596846732289, 5.5396883944641795, 3.5736573148730386, 5.381614529934735, -5.394452134295802, -4.364668669886832, -2.2861772783947094, -7.953079262613221, -6.354124796981709, 6.8609827391590965, 10, 9.380897575687992, 1.2528328417896462, 3.6555187853237854, -4.500723779816916, -2.4923646037762914, -1.1156218927970052, 2.1773192336743827, -0.36251414338551236]
20, -0.159517649802, [-6.925775240444893, 3.2399879648422285, -5.262455037646307, 2.6451270361921857, -2.0322443345234067, 1.4802191734884604, -4.301727229002298, -1.982005988477297, -5.494369143298419, -9.330253896385559, -5.067828376648222, 0.3341777943741535, -0.05630569259702156, 3.5736573148730386, 5.381614529934735, -5.394452134295802, -1.016060540714805, 3.711275592062896, -7.953079262613221, -4.93762738964548, -0.8797785570414023, 1.5274911244914922, 3.609295524061646, 7.016579496110488, 3.7909576257556665, -4.500723779816916, 7.025050933064641, -0.9550114628081466, 2.1773192336743827, 2.036388357823217]
30, -0.16782467368, [-10, 4.144475689974055, -5.262455037646307, -2.581644531313807, -2.0322443345234067, 1.4802191734884604, 1.2618004672299676, 5.401109207288469, -5.494369143298419, -7.937094056806149, 2.651857931490726, 0.3341777943741535, 5.5396883944641795, -1.8190643885692168, 5.381614529934735, -5.394452134295802, -1.016060540714805, -2.2861772783947094, -7.953079262613221, -4.93762738964548, -0.8797785570414023, 1.5274911244914922, 3.609295524061646, 7.016579496110488, 3.7909576257556665, -6.813839582895107, 7.025050933064641, -0.9550114628081466, 1.2053549437248945, -6.87592672417301]
40, -0.177878512551, [-10, 3.6922318274081416, -4.594021465229967, -1.4113176296136913, -5.056881704469727, -0.03812994778569778, -1.519963380886165, 0.317439407878469, -8.694259439713349, -7.846230464214584, -5.340328453459864, -0.3993691205882768, 10, -2.843204190493707, 6.701544552285113, -9.863944095832721, -6.245195511466706, -9.110475061070739, 2.477474712793949, -5.824144296032457, 8.085687689574607, 7.246541504004874, -3.459903917366948, 2.9476374471925864, 4.910201441433797, -8.80310179073567, 10, -2.1228559839486136, 2.958024757282502, 5.046507902586807]
50, -0.178930275031, [-10, 10, -5.262455037646307, -2.581644531313807, -2.0322443345234067, 1.4802191734884604, 1.2618004672299676, 5.401109207288469, -7.2226634384566415, -10, 2.651857931490726, 0.3341777943741535, 5.5396883944641795, -8.980026024665086, 5.381614529934735, -5.394452134295802, 1.920102034469502, 3.23879278508094, -4.741237877676541, -0.15333055948020657, 4.193499730712834, 1.5274911244914922, 3.609295524061646, 7.016579496110488, 3.7909576257556665, 10, 7.025050933064641, -2.2600586301833916, 1.2053549437248945, 10]
60, -0.178930275031, [-10, 10, -5.262455037646307, -2.581644531313807, -2.0322443345234067, 1.4802191734884604, 1.2618004672299676, 5.401109207288469, -7.2226634384566415, -10, 2.651857931490726, 0.3341777943741535, 5.5396883944641795, -8.980026024665086, 5.381614529934735, -5.394452134295802, 1.920102034469502, 3.23879278508094, -4.741237877676541, -0.15333055948020657, 4.193499730712834, 1.5274911244914922, 3.609295524061646, 7.016579496110488, 3.7909576257556665, 10, 7.025050933064641, -2.2600586301833916, 1.2053549437248945, 10]
70, -0.178930275031, [-10, 10, -5.262455037646307, -2.581644531313807, -2.0322443345234067, 1.4802191734884604, 1.2618004672299676, 5.401109207288469, -7.2226634384566415, -10, 2.651857931490726, 0.3341777943741535, 5.5396883944641795, -8.980026024665086, 5.381614529934735, -5.394452134295802, 1.920102034469502, 3.23879278508094, -4.741237877676541, -0.15333055948020657, 4.193499730712834, 1.5274911244914922, 3.609295524061646, 7.016579496110488, 3.7909576257556665, 10, 7.025050933064641, -2.2600586301833916, 1.2053549437248945, 10]
80, -0.178930275031, [-10, 10, -5.262455037646307, -2.581644531313807, -2.0322443345234067, 1.4802191734884604, 1.2618004672299676, 5.401109207288469, -7.2226634384566415, -10, 2.651857931490726, 0.3341777943741535, 5.5396883944641795, -8.980026024665086, 5.381614529934735, -5.394452134295802, 1.920102034469502, 3.23879278508094, -4.741237877676541, -0.15333055948020657, 4.193499730712834, 1.5274911244914922, 3.609295524061646, 7.016579496110488, 3.7909576257556665, 10, 7.025050933064641, -2.2600586301833916, 1.2053549437248945, 10]
90, -0.186537816764, [-6.305805505298103, 10, -10, -0.3343547459355001, 2.7900803828411793, -0.8097385826453131, 1.2618004672299676, 5.401109207288469, -7.2226634384566415, -10, 2.651857931490726, 0.3341777943741535, -2.31736836557707, -3.913427858453692, 5.381614529934735, -5.394452134295802, -4.937911768778731, 3.23879278508094, -3.4056141424986044, -0.15333055948020657, 4.193499730712834, 1.5274911244914922, 5.969639068388686, 7.016579496110488, 4.9779208616497375, 10, 7.025050933064641, -2.2600586301833916, 1.2053549437248945, 9.557526154577431]
100, -0.186537816764, [-6.305805505298103, 10, -10, -0.3343547459355001, 2.7900803828411793, -0.8097385826453131, 1.2618004672299676, 5.401109207288469, -7.2226634384566415, -10, 2.651857931490726, 0.3341777943741535, -2.31736836557707, -3.913427858453692, 5.381614529934735, -5.394452134295802, -4.937911768778731, 3.23879278508094, -3.4056141424986044, -0.15333055948020657, 4.193499730712834, 1.5274911244914922, 5.969639068388686, 7.016579496110488, 4.9779208616497375, 10, 7.025050933064641, -2.2600586301833916, 1.2053549437248945, 9.557526154577431]
110, -0.200996113631, [-6.305805505298103, 10, -10, -0.3343547459355001, 2.7900803828411793, -0.4986019862836654, -2.9782178423269494, 7.7005546036442345, -7.2226634384566415, -10, 2.651857931490726, 0.3341777943741535, -1.1971393191577584, -5.075583251631976, 5.381614529934735, -5.394452134295802, -4.937911768778731, 1.813255006057469, -3.4056141424986044, -0.15333055948020657, 2.946987469535799, -0.7314631819208228, 2.5524649653131144, 10, 4.401369098756687, 10, 9.517415536840932, -1.7982745027268336, 1.7430693948456417, 10]
120, -0.200996113631, [-6.305805505298103, 10, -10, -0.3343547459355001, 2.7900803828411793, -0.4986019862836654, -2.9782178423269494, 7.7005546036442345, -7.2226634384566415, -10, 2.651857931490726, 0.3341777943741535, -1.1971393191577584, -5.075583251631976, 5.381614529934735, -5.394452134295802, -4.937911768778731, 1.813255006057469, -3.4056141424986044, -0.15333055948020657, 2.946987469535799, -0.7314631819208228, 2.5524649653131144, 10, 4.401369098756687, 10, 9.517415536840932, -1.7982745027268336, 1.7430693948456417, 10]
130, -0.200996113631, [-6.305805505298103, 10, -10, -0.3343547459355001, 2.7900803828411793, -0.4986019862836654, -2.9782178423269494, 7.7005546036442345, -7.2226634384566415, -10, 2.651857931490726, 0.3341777943741535, -1.1971393191577584, -5.075583251631976, 5.381614529934735, -5.394452134295802, -4.937911768778731, 1.813255006057469, -3.4056141424986044, -0.15333055948020657, 2.946987469535799, -0.7314631819208228, 2.5524649653131144, 10, 4.401369098756687, 10, 9.517415536840932, -1.7982745027268336, 1.7430693948456417, 10]
140, -0.200996113631, [-6.305805505298103, 10, -10, -0.3343547459355001, 2.7900803828411793, -0.4986019862836654, -2.9782178423269494, 7.7005546036442345, -7.2226634384566415, -10, 2.651857931490726, 0.3341777943741535, -1.1971393191577584, -5.075583251631976, 5.381614529934735, -5.394452134295802, -4.937911768778731, 1.813255006057469, -3.4056141424986044, -0.15333055948020657, 2.946987469535799, -0.7314631819208228, 2.5524649653131144, 10, 4.401369098756687, 10, 9.517415536840932, -1.7982745027268336, 1.7430693948456417, 10]
150, -0.200996113631, [-6.305805505298103, 10, -10, -0.3343547459355001, 2.7900803828411793, -0.4986019862836654, -2.9782178423269494, 7.7005546036442345, -7.2226634384566415, -10, 2.651857931490726, 0.3341777943741535, -1.1971393191577584, -5.075583251631976, 5.381614529934735, -5.394452134295802, -4.937911768778731, 1.813255006057469, -3.4056141424986044, -0.15333055948020657, 2.946987469535799, -0.7314631819208228, 2.5524649653131144, 10, 4.401369098756687, 10, 9.517415536840932, -1.7982745027268336, 1.7430693948456417, 10]
160, -0.202037554276, [-6.305805505298103, 10, -10, -0.3343547459355001, 2.7900803828411793, -0.40525942548184757, -3.1857643515255676, 7.1256932545552925, -7.2226634384566415, -10, -3.614781934033857, 0.3341777943741535, -1.1971393191577584, -5.075583251631976, 5.381614529934735, 0.732170930092134, -4.937911768778731, 1.813255006057469, 2.8113806465884337, -3.5647925128875917, 3.2858746732819633, -1.4892108846455443, 3.4948277043110516, 10, 4.401369098756687, 10, 10, -1.9337968383395805, 2.376413229137073, 10]
170, -0.202037554276, [-6.305805505298103, 10, -10, -0.3343547459355001, 2.7900803828411793, -0.40525942548184757, -3.1857643515255676, 7.1256932545552925, -7.2226634384566415, -10, -3.614781934033857, 0.3341777943741535, -1.1971393191577584, -5.075583251631976, 5.381614529934735, 0.732170930092134, -4.937911768778731, 1.813255006057469, 2.8113806465884337, -3.5647925128875917, 3.2858746732819633, -1.4892108846455443, 3.4948277043110516, 10, 4.401369098756687, 10, 10, -1.9337968383395805, 2.376413229137073, 10]
180, -0.202037554276, [-6.305805505298103, 10, -10, -0.3343547459355001, 2.7900803828411793, -0.40525942548184757, -3.1857643515255676, 7.1256932545552925, -7.2226634384566415, -10, -3.614781934033857, 0.3341777943741535, -1.1971393191577584, -5.075583251631976, 5.381614529934735, 0.732170930092134, -4.937911768778731, 1.813255006057469, 2.8113806465884337, -3.5647925128875917, 3.2858746732819633, -1.4892108846455443, 3.4948277043110516, 10, 4.401369098756687, 10, 10, -1.9337968383395805, 2.376413229137073, 10]
190, -0.202037554276, [-6.305805505298103, 10, -10, -0.3343547459355001, 2.7900803828411793, -0.40525942548184757, -3.1857643515255676, 7.1256932545552925, -7.2226634384566415, -10, -3.614781934033857, 0.3341777943741535, -1.1971393191577584, -5.075583251631976, 5.381614529934735, 0.732170930092134, -4.937911768778731, 1.813255006057469, 2.8113806465884337, -3.5647925128875917, 3.2858746732819633, -1.4892108846455443, 3.4948277043110516, 10, 4.401369098756687, 10, 10, -1.9337968383395805, 2.376413229137073, 10]
200, -0.202037554276, [-6.305805505298103, 10, -10, -0.3343547459355001, 2.7900803828411793, -0.40525942548184757, -3.1857643515255676, 7.1256932545552925, -7.2226634384566415, -10, -3.614781934033857, 0.3341777943741535, -1.1971393191577584, -5.075583251631976, 5.381614529934735, 0.732170930092134, -4.937911768778731, 1.813255006057469, 2.8113806465884337, -3.5647925128875917, 3.2858746732819633, -1.4892108846455443, 3.4948277043110516, 10, 4.401369098756687, 10, 10, -1.9337968383395805, 2.376413229137073, 10]
210, -0.202037554276, [-6.305805505298103, 10, -10, -0.3343547459355001, 2.7900803828411793, -0.40525942548184757, -3.1857643515255676, 7.1256932545552925, -7.2226634384566415, -10, -3.614781934033857, 0.3341777943741535, -1.1971393191577584, -5.075583251631976, 5.381614529934735, 0.732170930092134, -4.937911768778731, 1.813255006057469, 2.8113806465884337, -3.5647925128875917, 3.2858746732819633, -1.4892108846455443, 3.4948277043110516, 10, 4.401369098756687, 10, 10, -1.9337968383395805, 2.376413229137073, 10]
220, -0.209617453456, [-6.76757981713584, 10, -10, -0.5611875000505491, 2.7900803828411793, -0.6292784076195632, -5.687180256009902, 7.1256932545552925, -7.2226634384566415, -10, -3.614781934033857, 0.3341777943741535, -1.1971393191577584, -5.075583251631976, 4.564183474796616, 0.732170930092134, -5.866818881546248, 1.813255006057469, -2.4038963411151513, -3.5647925128875917, 3.2858746732819633, -0.20244660972236805, 3.4948277043110516, 7.219673849568672, 4.871992181180136, 10, 10, -1.68952057211223, 2.376413229137073, 8.777565912890278]
230, -0.209617453456, [-6.76757981713584, 10, -10, -0.5611875000505491, 2.7900803828411793, -0.6292784076195632, -5.687180256009902, 7.1256932545552925, -7.2226634384566415, -10, -3.614781934033857, 0.3341777943741535, -1.1971393191577584, -5.075583251631976, 4.564183474796616, 0.732170930092134, -5.866818881546248, 1.813255006057469, -2.4038963411151513, -3.5647925128875917, 3.2858746732819633, -0.20244660972236805, 3.4948277043110516, 7.219673849568672, 4.871992181180136, 10, 10, -1.68952057211223, 2.376413229137073, 8.777565912890278]
240, -0.209617453456, [-6.76757981713584, 10, -10, -0.5611875000505491, 2.7900803828411793, -0.6292784076195632, -5.687180256009902, 7.1256932545552925, -7.2226634384566415, -10, -3.614781934033857, 0.3341777943741535, -1.1971393191577584, -5.075583251631976, 4.564183474796616, 0.732170930092134, -5.866818881546248, 1.813255006057469, -2.4038963411151513, -3.5647925128875917, 3.2858746732819633, -0.20244660972236805, 3.4948277043110516, 7.219673849568672, 4.871992181180136, 10, 10, -1.68952057211223, 2.376413229137073, 8.777565912890278]
250, -0.209617453456, [-6.76757981713584, 10, -10, -0.5611875000505491, 2.7900803828411793, -0.6292784076195632, -5.687180256009902, 7.1256932545552925, -7.2226634384566415, -10, -3.614781934033857, 0.3341777943741535, -1.1971393191577584, -5.075583251631976, 4.564183474796616, 0.732170930092134, -5.866818881546248, 1.813255006057469, -2.4038963411151513, -3.5647925128875917, 3.2858746732819633, -0.20244660972236805, 3.4948277043110516, 7.219673849568672, 4.871992181180136, 10, 10, -1.68952057211223, 2.376413229137073, 8.777565912890278]
260, -0.209617453456, [-6.76757981713584, 10, -10, -0.5611875000505491, 2.7900803828411793, -0.6292784076195632, -5.687180256009902, 7.1256932545552925, -7.2226634384566415, -10, -3.614781934033857, 0.3341777943741535, -1.1971393191577584, -5.075583251631976, 4.564183474796616, 0.732170930092134, -5.866818881546248, 1.813255006057469, -2.4038963411151513, -3.5647925128875917, 3.2858746732819633, -0.20244660972236805, 3.4948277043110516, 7.219673849568672, 4.871992181180136, 10, 10, -1.68952057211223, 2.376413229137073, 8.777565912890278]
270, -0.209617453456, [-6.76757981713584, 10, -10, -0.5611875000505491, 2.7900803828411793, -0.6292784076195632, -5.687180256009902, 7.1256932545552925, -7.2226634384566415, -10, -3.614781934033857, 0.3341777943741535, -1.1971393191577584, -5.075583251631976, 4.564183474796616, 0.732170930092134, -5.866818881546248, 1.813255006057469, -2.4038963411151513, -3.5647925128875917, 3.2858746732819633, -0.20244660972236805, 3.4948277043110516, 7.219673849568672, 4.871992181180136, 10, 10, -1.68952057211223, 2.376413229137073, 8.777565912890278]
280, -0.209617453456, [-6.76757981713584, 10, -10, -0.5611875000505491, 2.7900803828411793, -0.6292784076195632, -5.687180256009902, 7.1256932545552925, -7.2226634384566415, -10, -3.614781934033857, 0.3341777943741535, -1.1971393191577584, -5.075583251631976, 4.564183474796616, 0.732170930092134, -5.866818881546248, 1.813255006057469, -2.4038963411151513, -3.5647925128875917, 3.2858746732819633, -0.20244660972236805, 3.4948277043110516, 7.219673849568672, 4.871992181180136, 10, 10, -1.68952057211223, 2.376413229137073, 8.777565912890278]
290, -0.209617453456, [-6.76757981713584, 10, -10, -0.5611875000505491, 2.7900803828411793, -0.6292784076195632, -5.687180256009902, 7.1256932545552925, -7.2226634384566415, -10, -3.614781934033857, 0.3341777943741535, -1.1971393191577584, -5.075583251631976, 4.564183474796616, 0.732170930092134, -5.866818881546248, 1.813255006057469, -2.4038963411151513, -3.5647925128875917, 3.2858746732819633, -0.20244660972236805, 3.4948277043110516, 7.219673849568672, 4.871992181180136, 10, 10, -1.68952057211223, 2.376413229137073, 8.777565912890278]
300, -0.225170855529, [-8.38378990856792, 10, -10, -0.5611875000505491, 2.7900803828411793, -0.728841960265958, -7.215521703358637, 6.119685893649645, -7.2226634384566415, -10, -3.6147819340338576, -0.3993691205882768, -1.757253842367414, -5.075583251631976, 4.564183474796616, 0.732170930092134, -4.937911768778731, 1.813255006057469, -5.3295385246354074, -3.5647925128875917, 3.2858746732819633, -0.20244660972236805, 3.4948277043110516, 7.219673849568672, 5.078646777201615, 10, 10, -1.88987810256209, 2.376413229137073, 8.777565912890278]
310, -0.230759968778, [-8.38378990856792, 10, -10, -0.33435474593550013, 3.121080986080322, -0.728841960265958, -7.215521703358637, 6.119685893649645, -7.2226634384566415, -10, -3.6147819340338576, -0.3993691205882768, -1.757253842367414, -5.075583251631976, 4.564183474796616, 0.732170930092134, -4.937911768778731, 2.526023895569205, -5.3295385246354074, -3.4538271462389907, 3.2858746732819633, -0.20244660972236805, 3.4948277043110516, 7.219673849568672, 5.078646777201615, 10, 10, -1.88987810256209, 2.376413229137073, 8.777565912890278]
320, -0.230759968778, [-8.38378990856792, 10, -10, -0.33435474593550013, 3.121080986080322, -0.728841960265958, -7.215521703358637, 6.119685893649645, -7.2226634384566415, -10, -3.6147819340338576, -0.3993691205882768, -1.757253842367414, -5.075583251631976, 4.564183474796616, 0.732170930092134, -4.937911768778731, 2.526023895569205, -5.3295385246354074, -3.4538271462389907, 3.2858746732819633, -0.20244660972236805, 3.4948277043110516, 7.219673849568672, 5.078646777201615, 10, 10, -1.88987810256209, 2.376413229137073, 8.777565912890278]
330, -0.230759968778, [-8.38378990856792, 10, -10, -0.33435474593550013, 3.121080986080322, -0.728841960265958, -7.215521703358637, 6.119685893649645, -7.2226634384566415, -10, -3.6147819340338576, -0.3993691205882768, -1.757253842367414, -5.075583251631976, 4.564183474796616, 0.732170930092134, -4.937911768778731, 2.526023895569205, -5.3295385246354074, -3.4538271462389907, 3.2858746732819633, -0.20244660972236805, 3.4948277043110516, 7.219673849568672, 5.078646777201615, 10, 10, -1.88987810256209, 2.376413229137073, 8.777565912890278]
340, -0.243753737418, [-7.4602412848924455, 9.616210787453147, -9.70524535621738, -0.5421205377515312, 3.3336603557040405, -0.6510578111755462, -6.138673991623728, 6.550831905466351, -6.27866633975639, -10, -7.338375049697511, -0.2221544069412229, -1.4771965807625862, -7.805347542805984, 4.836660493175989, -1.816416367150298, -4.100759736485724, 2.169639450813337, -3.5407626211438052, -3.3652960582804763, 3.7505908573781612, -2.5901104343280026, 9.739090024380435, 8.609836924784336, 5.016130121903399, 10.0, 10, -1.8049666039763694, 3.0097570634285047, 8.166348869335417]
350, -0.243753737418, [-7.4602412848924455, 9.616210787453147, -9.70524535621738, -0.5421205377515312, 3.3336603557040405, -0.6510578111755462, -6.138673991623728, 6.550831905466351, -6.27866633975639, -10, -7.338375049697511, -0.2221544069412229, -1.4771965807625862, -7.805347542805984, 4.836660493175989, -1.816416367150298, -4.100759736485724, 2.169639450813337, -3.5407626211438052, -3.3652960582804763, 3.7505908573781612, -2.5901104343280026, 9.739090024380435, 8.609836924784336, 5.016130121903399, 10.0, 10, -1.8049666039763694, 3.0097570634285047, 8.166348869335417]
360, -0.243753737418, [-7.4602412848924455, 9.616210787453147, -9.70524535621738, -0.5421205377515312, 3.3336603557040405, -0.6510578111755462, -6.138673991623728, 6.550831905466351, -6.27866633975639, -10, -7.338375049697511, -0.2221544069412229, -1.4771965807625862, -7.805347542805984, 4.836660493175989, -1.816416367150298, -4.100759736485724, 2.169639450813337, -3.5407626211438052, -3.3652960582804763, 3.7505908573781612, -2.5901104343280026, 9.739090024380435, 8.609836924784336, 5.016130121903399, 10.0, 10, -1.8049666039763694, 3.0097570634285047, 8.166348869335417]
370, -0.243753737418, [-7.4602412848924455, 9.616210787453147, -9.70524535621738, -0.5421205377515312, 3.3336603557040405, -0.6510578111755462, -6.138673991623728, 6.550831905466351, -6.27866633975639, -10, -7.338375049697511, -0.2221544069412229, -1.4771965807625862, -7.805347542805984, 4.836660493175989, -1.816416367150298, -4.100759736485724, 2.169639450813337, -3.5407626211438052, -3.3652960582804763, 3.7505908573781612, -2.5901104343280026, 9.739090024380435, 8.609836924784336, 5.016130121903399, 10.0, 10, -1.8049666039763694, 3.0097570634285047, 8.166348869335417]
380, -0.243753737418, [-7.4602412848924455, 9.616210787453147, -9.70524535621738, -0.5421205377515312, 3.3336603557040405, -0.6510578111755462, -6.138673991623728, 6.550831905466351, -6.27866633975639, -10, -7.338375049697511, -0.2221544069412229, -1.4771965807625862, -7.805347542805984, 4.836660493175989, -1.816416367150298, -4.100759736485724, 2.169639450813337, -3.5407626211438052, -3.3652960582804763, 3.7505908573781612, -2.5901104343280026, 9.739090024380435, 8.609836924784336, 5.016130121903399, 10.0, 10, -1.8049666039763694, 3.0097570634285047, 8.166348869335417]
390, -0.249928483875, [-4.458708257947155, 10, -10, -1.4113176296136913, 4.7275578070617765, -0.3617006183698816, -2.2827768802979165, 7.7005546036442345, -7.958461439084996, -9.717223174457807, -5.340328453459864, -0.06962775366838381, -0.6396003684657809, -4.448539692433685, 6.701544552285113, -2.532023520579399, -4.2842698974347435, 0.2695965252885091, 2.477474712793949, -2.8116752518393033, 2.968794780297323, -2.2183809838465667, 4.319764825670263, 10, 4.910201441433797, 10, 8.773678270107093, -1.5807666414976262, 1.5000783223582697, 10]
400, -0.249928483875, [-4.458708257947155, 10, -10, -1.4113176296136913, 4.7275578070617765, -0.3617006183698816, -2.2827768802979165, 7.7005546036442345, -7.958461439084996, -9.717223174457807, -5.340328453459864, -0.06962775366838381, -0.6396003684657809, -4.448539692433685, 6.701544552285113, -2.532023520579399, -4.2842698974347435, 0.2695965252885091, 2.477474712793949, -2.8116752518393033, 2.968794780297323, -2.2183809838465667, 4.319764825670263, 10, 4.910201441433797, 10, 8.773678270107093, -1.5807666414976262, 1.5000783223582697, 10]
410, -0.249928483875, [-4.458708257947155, 10, -10, -1.4113176296136913, 4.7275578070617765, -0.3617006183698816, -2.2827768802979165, 7.7005546036442345, -7.958461439084996, -9.717223174457807, -5.340328453459864, -0.06962775366838381, -0.6396003684657809, -4.448539692433685, 6.701544552285113, -2.532023520579399, -4.2842698974347435, 0.2695965252885091, 2.477474712793949, -2.8116752518393033, 2.968794780297323, -2.2183809838465667, 4.319764825670263, 10, 4.910201441433797, 10, 8.773678270107093, -1.5807666414976262, 1.5000783223582697, 10]
420, -0.249928483875, [-4.458708257947155, 10, -10, -1.4113176296136913, 4.7275578070617765, -0.3617006183698816, -2.2827768802979165, 7.7005546036442345, -7.958461439084996, -9.717223174457807, -5.340328453459864, -0.06962775366838381, -0.6396003684657809, -4.448539692433685, 6.701544552285113, -2.532023520579399, -4.2842698974347435, 0.2695965252885091, 2.477474712793949, -2.8116752518393033, 2.968794780297323, -2.2183809838465667, 4.319764825670263, 10, 4.910201441433797, 10, 8.773678270107093, -1.5807666414976262, 1.5000783223582697, 10]
430, -0.249928483875, [-4.458708257947155, 10, -10, -1.4113176296136913, 4.7275578070617765, -0.3617006183698816, -2.2827768802979165, 7.7005546036442345, -7.958461439084996, -9.717223174457807, -5.340328453459864, -0.06962775366838381, -0.6396003684657809, -4.448539692433685, 6.701544552285113, -2.532023520579399, -4.2842698974347435, 0.2695965252885091, 2.477474712793949, -2.8116752518393033, 2.968794780297323, -2.2183809838465667, 4.319764825670263, 10, 4.910201441433797, 10, 8.773678270107093, -1.5807666414976262, 1.5000783223582697, 10]
440, -0.249928483875, [-4.458708257947155, 10, -10, -1.4113176296136913, 4.7275578070617765, -0.3617006183698816, -2.2827768802979165, 7.7005546036442345, -7.958461439084996, -9.717223174457807, -5.340328453459864, -0.06962775366838381, -0.6396003684657809, -4.448539692433685, 6.701544552285113, -2.532023520579399, -4.2842698974347435, 0.2695965252885091, 2.477474712793949, -2.8116752518393033, 2.968794780297323, -2.2183809838465667, 4.319764825670263, 10, 4.910201441433797, 10, 8.773678270107093, -1.5807666414976262, 1.5000783223582697, 10]
450, -0.249928483875, [-4.458708257947155, 10, -10, -1.4113176296136913, 4.7275578070617765, -0.3617006183698816, -2.2827768802979165, 7.7005546036442345, -7.958461439084996, -9.717223174457807, -5.340328453459864, -0.06962775366838381, -0.6396003684657809, -4.448539692433685, 6.701544552285113, -2.532023520579399, -4.2842698974347435, 0.2695965252885091, 2.477474712793949, -2.8116752518393033, 2.968794780297323, -2.2183809838465667, 4.319764825670263, 10, 4.910201441433797, 10, 8.773678270107093, -1.5807666414976262, 1.5000783223582697, 10]
460, -0.249928483875, [-4.458708257947155, 10, -10, -1.4113176296136913, 4.7275578070617765, -0.3617006183698816, -2.2827768802979165, 7.7005546036442345, -7.958461439084996, -9.717223174457807, -5.340328453459864, -0.06962775366838381, -0.6396003684657809, -4.448539692433685, 6.701544552285113, -2.532023520579399, -4.2842698974347435, 0.2695965252885091, 2.477474712793949, -2.8116752518393033, 2.968794780297323, -2.2183809838465667, 4.319764825670263, 10, 4.910201441433797, 10, 8.773678270107093, -1.5807666414976262, 1.5000783223582697, 10]
470, -0.249928483875, [-4.458708257947155, 10, -10, -1.4113176296136913, 4.7275578070617765, -0.3617006183698816, -2.2827768802979165, 7.7005546036442345, -7.958461439084996, -9.717223174457807, -5.340328453459864, -0.06962775366838381, -0.6396003684657809, -4.448539692433685, 6.701544552285113, -2.532023520579399, -4.2842698974347435, 0.2695965252885091, 2.477474712793949, -2.8116752518393033, 2.968794780297323, -2.2183809838465667, 4.319764825670263, 10, 4.910201441433797, 10, 8.773678270107093, -1.5807666414976262, 1.5000783223582697, 10]
480, -0.249928483875, [-4.458708257947155, 10, -10, -1.4113176296136913, 4.7275578070617765, -0.3617006183698816, -2.2827768802979165, 7.7005546036442345, -7.958461439084996, -9.717223174457807, -5.340328453459864, -0.06962775366838381, -0.6396003684657809, -4.448539692433685, 6.701544552285113, -2.532023520579399, -4.2842698974347435, 0.2695965252885091, 2.477474712793949, -2.8116752518393033, 2.968794780297323, -2.2183809838465667, 4.319764825670263, 10, 4.910201441433797, 10, 8.773678270107093, -1.5807666414976262, 1.5000783223582697, 10]
490, -0.249928483875, [-4.458708257947155, 10, -10, -1.4113176296136913, 4.7275578070617765, -0.3617006183698816, -2.2827768802979165, 7.7005546036442345, -7.958461439084996, -9.717223174457807, -5.340328453459864, -0.06962775366838381, -0.6396003684657809, -4.448539692433685, 6.701544552285113, -2.532023520579399, -4.2842698974347435, 0.2695965252885091, 2.477474712793949, -2.8116752518393033, 2.968794780297323, -2.2183809838465667, 4.319764825670263, 10, 4.910201441433797, 10, 8.773678270107093, -1.5807666414976262, 1.5000783223582697, 10]
500, -0.249928483875, [-4.458708257947155, 10, -10, -1.4113176296136913, 4.7275578070617765, -0.3617006183698816, -2.2827768802979165, 7.7005546036442345, -7.958461439084996, -9.717223174457807, -5.340328453459864, -0.06962775366838381, -0.6396003684657809, -4.448539692433685, 6.701544552285113, -2.532023520579399, -4.2842698974347435, 0.2695965252885091, 2.477474712793949, -2.8116752518393033, 2.968794780297323, -2.2183809838465667, 4.319764825670263, 10, 4.910201441433797, 10, 8.773678270107093, -1.5807666414976262, 1.5000783223582697, 10]
510, -0.249928483875, [-4.458708257947155, 10, -10, -1.4113176296136913, 4.7275578070617765, -0.3617006183698816, -2.2827768802979165, 7.7005546036442345, -7.958461439084996, -9.717223174457807, -5.340328453459864, -0.06962775366838381, -0.6396003684657809, -4.448539692433685, 6.701544552285113, -2.532023520579399, -4.2842698974347435, 0.2695965252885091, 2.477474712793949, -2.8116752518393033, 2.968794780297323, -2.2183809838465667, 4.319764825670263, 10, 4.910201441433797, 10, 8.773678270107093, -1.5807666414976262, 1.5000783223582697, 10]
520, -0.249928483875, [-4.458708257947155, 10, -10, -1.4113176296136913, 4.7275578070617765, -0.3617006183698816, -2.2827768802979165, 7.7005546036442345, -7.958461439084996, -9.717223174457807, -5.340328453459864, -0.06962775366838381, -0.6396003684657809, -4.448539692433685, 6.701544552285113, -2.532023520579399, -4.2842698974347435, 0.2695965252885091, 2.477474712793949, -2.8116752518393033, 2.968794780297323, -2.2183809838465667, 4.319764825670263, 10, 4.910201441433797, 10, 8.773678270107093, -1.5807666414976262, 1.5000783223582697, 10]
530, -0.249928483875, [-4.458708257947155, 10, -10, -1.4113176296136913, 4.7275578070617765, -0.3617006183698816, -2.2827768802979165, 7.7005546036442345, -7.958461439084996, -9.717223174457807, -5.340328453459864, -0.06962775366838381, -0.6396003684657809, -4.448539692433685, 6.701544552285113, -2.532023520579399, -4.2842698974347435, 0.2695965252885091, 2.477474712793949, -2.8116752518393033, 2.968794780297323, -2.2183809838465667, 4.319764825670263, 10, 4.910201441433797, 10, 8.773678270107093, -1.5807666414976262, 1.5000783223582697, 10]
540, -0.249928483875, [-4.458708257947155, 10, -10, -1.4113176296136913, 4.7275578070617765, -0.3617006183698816, -2.2827768802979165, 7.7005546036442345, -7.958461439084996, -9.717223174457807, -5.340328453459864, -0.06962775366838381, -0.6396003684657809, -4.448539692433685, 6.701544552285113, -2.532023520579399, -4.2842698974347435, 0.2695965252885091, 2.477474712793949, -2.8116752518393033, 2.968794780297323, -2.2183809838465667, 4.319764825670263, 10, 4.910201441433797, 10, 8.773678270107093, -1.5807666414976262, 1.5000783223582697, 10]
550, -0.249928483875, [-4.458708257947155, 10, -10, -1.4113176296136913, 4.7275578070617765, -0.3617006183698816, -2.2827768802979165, 7.7005546036442345, -7.958461439084996, -9.717223174457807, -5.340328453459864, -0.06962775366838381, -0.6396003684657809, -4.448539692433685, 6.701544552285113, -2.532023520579399, -4.2842698974347435, 0.2695965252885091, 2.477474712793949, -2.8116752518393033, 2.968794780297323, -2.2183809838465667, 4.319764825670263, 10, 4.910201441433797, 10, 8.773678270107093, -1.5807666414976262, 1.5000783223582697, 10]
560, -0.249928483875, [-4.458708257947155, 10, -10, -1.4113176296136913, 4.7275578070617765, -0.3617006183698816, -2.2827768802979165, 7.7005546036442345, -7.958461439084996, -9.717223174457807, -5.340328453459864, -0.06962775366838381, -0.6396003684657809, -4.448539692433685, 6.701544552285113, -2.532023520579399, -4.2842698974347435, 0.2695965252885091, 2.477474712793949, -2.8116752518393033, 2.968794780297323, -2.2183809838465667, 4.319764825670263, 10, 4.910201441433797, 10, 8.773678270107093, -1.5807666414976262, 1.5000783223582697, 10]
570, -0.249928483875, [-4.458708257947155, 10, -10, -1.4113176296136913, 4.7275578070617765, -0.3617006183698816, -2.2827768802979165, 7.7005546036442345, -7.958461439084996, -9.717223174457807, -5.340328453459864, -0.06962775366838381, -0.6396003684657809, -4.448539692433685, 6.701544552285113, -2.532023520579399, -4.2842698974347435, 0.2695965252885091, 2.477474712793949, -2.8116752518393033, 2.968794780297323, -2.2183809838465667, 4.319764825670263, 10, 4.910201441433797, 10, 8.773678270107093, -1.5807666414976262, 1.5000783223582697, 10]
580, -0.249928483875, [-4.458708257947155, 10, -10, -1.4113176296136913, 4.7275578070617765, -0.3617006183698816, -2.2827768802979165, 7.7005546036442345, -7.958461439084996, -9.717223174457807, -5.340328453459864, -0.06962775366838381, -0.6396003684657809, -4.448539692433685, 6.701544552285113, -2.532023520579399, -4.2842698974347435, 0.2695965252885091, 2.477474712793949, -2.8116752518393033, 2.968794780297323, -2.2183809838465667, 4.319764825670263, 10, 4.910201441433797, 10, 8.773678270107093, -1.5807666414976262, 1.5000783223582697, 10]
590, -0.25741110624, [-8.38378990856792, 10, -10, -0.5611875000505491, 3.6054503421354713, -0.6619475129535377, -7.215521703358637, 6.263401230921881, -7.2226634384566415, -10, 1.1078344797486195, -0.3993691205882768, -1.6185129978238395, -5.075583251631976, 4.564183474796616, 0.732170930092134, -5.866818881546248, 1.9323868775626585, -4.109195761158132, -3.4538271462389907, 3.9829489494262598, -3.7839423466308197, 8.914152903021224, 7.219673849568672, 5.088199092265031, 10.0, 10, -1.8626896199084393, 2.376413229137073, 7.860740347557987]
600, -0.25741110624, [-8.38378990856792, 10, -10, -0.5611875000505491, 3.6054503421354713, -0.6619475129535377, -7.215521703358637, 6.263401230921881, -7.2226634384566415, -10, 1.1078344797486195, -0.3993691205882768, -1.6185129978238395, -5.075583251631976, 4.564183474796616, 0.732170930092134, -5.866818881546248, 1.9323868775626585, -4.109195761158132, -3.4538271462389907, 3.9829489494262598, -3.7839423466308197, 8.914152903021224, 7.219673849568672, 5.088199092265031, 10.0, 10, -1.8626896199084393, 2.376413229137073, 7.860740347557987]
610, -0.25741110624, [-8.38378990856792, 10, -10, -0.5611875000505491, 3.6054503421354713, -0.6619475129535377, -7.215521703358637, 6.263401230921881, -7.2226634384566415, -10, 1.1078344797486195, -0.3993691205882768, -1.6185129978238395, -5.075583251631976, 4.564183474796616, 0.732170930092134, -5.866818881546248, 1.9323868775626585, -4.109195761158132, -3.4538271462389907, 3.9829489494262598, -3.7839423466308197, 8.914152903021224, 7.219673849568672, 5.088199092265031, 10.0, 10, -1.8626896199084393, 2.376413229137073, 7.860740347557987]
620, -0.25741110624, [-8.38378990856792, 10, -10, -0.5611875000505491, 3.6054503421354713, -0.6619475129535377, -7.215521703358637, 6.263401230921881, -7.2226634384566415, -10, 1.1078344797486195, -0.3993691205882768, -1.6185129978238395, -5.075583251631976, 4.564183474796616, 0.732170930092134, -5.866818881546248, 1.9323868775626585, -4.109195761158132, -3.4538271462389907, 3.9829489494262598, -3.7839423466308197, 8.914152903021224, 7.219673849568672, 5.088199092265031, 10.0, 10, -1.8626896199084393, 2.376413229137073, 7.860740347557987]
630, -0.25741110624, [-8.38378990856792, 10, -10, -0.5611875000505491, 3.6054503421354713, -0.6619475129535377, -7.215521703358637, 6.263401230921881, -7.2226634384566415, -10, 1.1078344797486195, -0.3993691205882768, -1.6185129978238395, -5.075583251631976, 4.564183474796616, 0.732170930092134, -5.866818881546248, 1.9323868775626585, -4.109195761158132, -3.4538271462389907, 3.9829489494262598, -3.7839423466308197, 8.914152903021224, 7.219673849568672, 5.088199092265031, 10.0, 10, -1.8626896199084393, 2.376413229137073, 7.860740347557987]
640, -0.25741110624, [-8.38378990856792, 10, -10, -0.5611875000505491, 3.6054503421354713, -0.6619475129535377, -7.215521703358637, 6.263401230921881, -7.2226634384566415, -10, 1.1078344797486195, -0.3993691205882768, -1.6185129978238395, -5.075583251631976, 4.564183474796616, 0.732170930092134, -5.866818881546248, 1.9323868775626585, -4.109195761158132, -3.4538271462389907, 3.9829489494262598, -3.7839423466308197, 8.914152903021224, 7.219673849568672, 5.088199092265031, 10.0, 10, -1.8626896199084393, 2.376413229137073, 7.860740347557987]
650, -0.25741110624, [-8.38378990856792, 10, -10, -0.5611875000505491, 3.6054503421354713, -0.6619475129535377, -7.215521703358637, 6.263401230921881, -7.2226634384566415, -10, 1.1078344797486195, -0.3993691205882768, -1.6185129978238395, -5.075583251631976, 4.564183474796616, 0.732170930092134, -5.866818881546248, 1.9323868775626585, -4.109195761158132, -3.4538271462389907, 3.9829489494262598, -3.7839423466308197, 8.914152903021224, 7.219673849568672, 5.088199092265031, 10.0, 10, -1.8626896199084393, 2.376413229137073, 7.860740347557987]
660, -0.25741110624, [-8.38378990856792, 10, -10, -0.5611875000505491, 3.6054503421354713, -0.6619475129535377, -7.215521703358637, 6.263401230921881, -7.2226634384566415, -10, 1.1078344797486195, -0.3993691205882768, -1.6185129978238395, -5.075583251631976, 4.564183474796616, 0.732170930092134, -5.866818881546248, 1.9323868775626585, -4.109195761158132, -3.4538271462389907, 3.9829489494262598, -3.7839423466308197, 8.914152903021224, 7.219673849568672, 5.088199092265031, 10.0, 10, -1.8626896199084393, 2.376413229137073, 7.860740347557987]
670, -0.25741110624, [-8.38378990856792, 10, -10, -0.5611875000505491, 3.6054503421354713, -0.6619475129535377, -7.215521703358637, 6.263401230921881, -7.2226634384566415, -10, 1.1078344797486195, -0.3993691205882768, -1.6185129978238395, -5.075583251631976, 4.564183474796616, 0.732170930092134, -5.866818881546248, 1.9323868775626585, -4.109195761158132, -3.4538271462389907, 3.9829489494262598, -3.7839423466308197, 8.914152903021224, 7.219673849568672, 5.088199092265031, 10.0, 10, -1.8626896199084393, 2.376413229137073, 7.860740347557987]
680, -0.25741110624, [-8.38378990856792, 10, -10, -0.5611875000505491, 3.6054503421354713, -0.6619475129535377, -7.215521703358637, 6.263401230921881, -7.2226634384566415, -10, 1.1078344797486195, -0.3993691205882768, -1.6185129978238395, -5.075583251631976, 4.564183474796616, 0.732170930092134, -5.866818881546248, 1.9323868775626585, -4.109195761158132, -3.4538271462389907, 3.9829489494262598, -3.7839423466308197, 8.914152903021224, 7.219673849568672, 5.088199092265031, 10.0, 10, -1.8626896199084393, 2.376413229137073, 7.860740347557987]
690, -0.25741110624, [-8.38378990856792, 10, -10, -0.5611875000505491, 3.6054503421354713, -0.6619475129535377, -7.215521703358637, 6.263401230921881, -7.2226634384566415, -10, 1.1078344797486195, -0.3993691205882768, -1.6185129978238395, -5.075583251631976, 4.564183474796616, 0.732170930092134, -5.866818881546248, 1.9323868775626585, -4.109195761158132, -3.4538271462389907, 3.9829489494262598, -3.7839423466308197, 8.914152903021224, 7.219673849568672, 5.088199092265031, 10.0, 10, -1.8626896199084393, 2.376413229137073, 7.860740347557987]
700, -0.25741110624, [-8.38378990856792, 10, -10, -0.5611875000505491, 3.6054503421354713, -0.6619475129535377, -7.215521703358637, 6.263401230921881, -7.2226634384566415, -10, 1.1078344797486195, -0.3993691205882768, -1.6185129978238395, -5.075583251631976, 4.564183474796616, 0.732170930092134, -5.866818881546248, 1.9323868775626585, -4.109195761158132, -3.4538271462389907, 3.9829489494262598, -3.7839423466308197, 8.914152903021224, 7.219673849568672, 5.088199092265031, 10.0, 10, -1.8626896199084393, 2.376413229137073, 7.860740347557987]
710, -0.25741110624, [-8.38378990856792, 10, -10, -0.5611875000505491, 3.6054503421354713, -0.6619475129535377, -7.215521703358637, 6.263401230921881, -7.2226634384566415, -10, 1.1078344797486195, -0.3993691205882768, -1.6185129978238395, -5.075583251631976, 4.564183474796616, 0.732170930092134, -5.866818881546248, 1.9323868775626585, -4.109195761158132, -3.4538271462389907, 3.9829489494262598, -3.7839423466308197, 8.914152903021224, 7.219673849568672, 5.088199092265031, 10.0, 10, -1.8626896199084393, 2.376413229137073, 7.860740347557987]
720, -0.25741110624, [-8.38378990856792, 10, -10, -0.5611875000505491, 3.6054503421354713, -0.6619475129535377, -7.215521703358637, 6.263401230921881, -7.2226634384566415, -10, 1.1078344797486195, -0.3993691205882768, -1.6185129978238395, -5.075583251631976, 4.564183474796616, 0.732170930092134, -5.866818881546248, 1.9323868775626585, -4.109195761158132, -3.4538271462389907, 3.9829489494262598, -3.7839423466308197, 8.914152903021224, 7.219673849568672, 5.088199092265031, 10.0, 10, -1.8626896199084393, 2.376413229137073, 7.860740347557987]
730, -0.25741110624, [-8.38378990856792, 10, -10, -0.5611875000505491, 3.6054503421354713, -0.6619475129535377, -7.215521703358637, 6.263401230921881, -7.2226634384566415, -10, 1.1078344797486195, -0.3993691205882768, -1.6185129978238395, -5.075583251631976, 4.564183474796616, 0.732170930092134, -5.866818881546248, 1.9323868775626585, -4.109195761158132, -3.4538271462389907, 3.9829489494262598, -3.7839423466308197, 8.914152903021224, 7.219673849568672, 5.088199092265031, 10.0, 10, -1.8626896199084393, 2.376413229137073, 7.860740347557987]
740, -0.25741110624, [-8.38378990856792, 10, -10, -0.5611875000505491, 3.6054503421354713, -0.6619475129535377, -7.215521703358637, 6.263401230921881, -7.2226634384566415, -10, 1.1078344797486195, -0.3993691205882768, -1.6185129978238395, -5.075583251631976, 4.564183474796616, 0.732170930092134, -5.866818881546248, 1.9323868775626585, -4.109195761158132, -3.4538271462389907, 3.9829489494262598, -3.7839423466308197, 8.914152903021224, 7.219673849568672, 5.088199092265031, 10.0, 10, -1.8626896199084393, 2.376413229137073, 7.860740347557987]
750, -0.25741110624, [-8.38378990856792, 10, -10, -0.5611875000505491, 3.6054503421354713, -0.6619475129535377, -7.215521703358637, 6.263401230921881, -7.2226634384566415, -10, 1.1078344797486195, -0.3993691205882768, -1.6185129978238395, -5.075583251631976, 4.564183474796616, 0.732170930092134, -5.866818881546248, 1.9323868775626585, -4.109195761158132, -3.4538271462389907, 3.9829489494262598, -3.7839423466308197, 8.914152903021224, 7.219673849568672, 5.088199092265031, 10.0, 10, -1.8626896199084393, 2.376413229137073, 7.860740347557987]
760, -0.25741110624, [-8.38378990856792, 10, -10, -0.5611875000505491, 3.6054503421354713, -0.6619475129535377, -7.215521703358637, 6.263401230921881, -7.2226634384566415, -10, 1.1078344797486195, -0.3993691205882768, -1.6185129978238395, -5.075583251631976, 4.564183474796616, 0.732170930092134, -5.866818881546248, 1.9323868775626585, -4.109195761158132, -3.4538271462389907, 3.9829489494262598, -3.7839423466308197, 8.914152903021224, 7.219673849568672, 5.088199092265031, 10.0, 10, -1.8626896199084393, 2.376413229137073, 7.860740347557987]
770, -0.25741110624, [-8.38378990856792, 10, -10, -0.5611875000505491, 3.6054503421354713, -0.6619475129535377, -7.215521703358637, 6.263401230921881, -7.2226634384566415, -10, 1.1078344797486195, -0.3993691205882768, -1.6185129978238395, -5.075583251631976, 4.564183474796616, 0.732170930092134, -5.866818881546248, 1.9323868775626585, -4.109195761158132, -3.4538271462389907, 3.9829489494262598, -3.7839423466308197, 8.914152903021224, 7.219673849568672, 5.088199092265031, 10.0, 10, -1.8626896199084393, 2.376413229137073, 7.860740347557987]
780, -0.25741110624, [-8.38378990856792, 10, -10, -0.5611875000505491, 3.6054503421354713, -0.6619475129535377, -7.215521703358637, 6.263401230921881, -7.2226634384566415, -10, 1.1078344797486195, -0.3993691205882768, -1.6185129978238395, -5.075583251631976, 4.564183474796616, 0.732170930092134, -5.866818881546248, 1.9323868775626585, -4.109195761158132, -3.4538271462389907, 3.9829489494262598, -3.7839423466308197, 8.914152903021224, 7.219673849568672, 5.088199092265031, 10.0, 10, -1.8626896199084393, 2.376413229137073, 7.860740347557987]
790, -0.25741110624, [-8.38378990856792, 10, -10, -0.5611875000505491, 3.6054503421354713, -0.6619475129535377, -7.215521703358637, 6.263401230921881, -7.2226634384566415, -10, 1.1078344797486195, -0.3993691205882768, -1.6185129978238395, -5.075583251631976, 4.564183474796616, 0.732170930092134, -5.866818881546248, 1.9323868775626585, -4.109195761158132, -3.4538271462389907, 3.9829489494262598, -3.7839423466308197, 8.914152903021224, 7.219673849568672, 5.088199092265031, 10.0, 10, -1.8626896199084393, 2.376413229137073, 7.860740347557987]
800, -0.25741110624, [-8.38378990856792, 10, -10, -0.5611875000505491, 3.6054503421354713, -0.6619475129535377, -7.215521703358637, 6.263401230921881, -7.2226634384566415, -10, 1.1078344797486195, -0.3993691205882768, -1.6185129978238395, -5.075583251631976, 4.564183474796616, 0.732170930092134, -5.866818881546248, 1.9323868775626585, -4.109195761158132, -3.4538271462389907, 3.9829489494262598, -3.7839423466308197, 8.914152903021224, 7.219673849568672, 5.088199092265031, 10.0, 10, -1.8626896199084393, 2.376413229137073, 7.860740347557987]
810, -0.25741110624, [-8.38378990856792, 10, -10, -0.5611875000505491, 3.6054503421354713, -0.6619475129535377, -7.215521703358637, 6.263401230921881, -7.2226634384566415, -10, 1.1078344797486195, -0.3993691205882768, -1.6185129978238395, -5.075583251631976, 4.564183474796616, 0.732170930092134, -5.866818881546248, 1.9323868775626585, -4.109195761158132, -3.4538271462389907, 3.9829489494262598, -3.7839423466308197, 8.914152903021224, 7.219673849568672, 5.088199092265031, 10.0, 10, -1.8626896199084393, 2.376413229137073, 7.860740347557987]
820, -0.25741110624, [-8.38378990856792, 10, -10, -0.5611875000505491, 3.6054503421354713, -0.6619475129535377, -7.215521703358637, 6.263401230921881, -7.2226634384566415, -10, 1.1078344797486195, -0.3993691205882768, -1.6185129978238395, -5.075583251631976, 4.564183474796616, 0.732170930092134, -5.866818881546248, 1.9323868775626585, -4.109195761158132, -3.4538271462389907, 3.9829489494262598, -3.7839423466308197, 8.914152903021224, 7.219673849568672, 5.088199092265031, 10.0, 10, -1.8626896199084393, 2.376413229137073, 7.860740347557987]
830, -0.25741110624, [-8.38378990856792, 10, -10, -0.5611875000505491, 3.6054503421354713, -0.6619475129535377, -7.215521703358637, 6.263401230921881, -7.2226634384566415, -10, 1.1078344797486195, -0.3993691205882768, -1.6185129978238395, -5.075583251631976, 4.564183474796616, 0.732170930092134, -5.866818881546248, 1.9323868775626585, -4.109195761158132, -3.4538271462389907, 3.9829489494262598, -3.7839423466308197, 8.914152903021224, 7.219673849568672, 5.088199092265031, 10.0, 10, -1.8626896199084393, 2.376413229137073, 7.860740347557987]
840, -0.25741110624, [-8.38378990856792, 10, -10, -0.5611875000505491, 3.6054503421354713, -0.6619475129535377, -7.215521703358637, 6.263401230921881, -7.2226634384566415, -10, 1.1078344797486195, -0.3993691205882768, -1.6185129978238395, -5.075583251631976, 4.564183474796616, 0.732170930092134, -5.866818881546248, 1.9323868775626585, -4.109195761158132, -3.4538271462389907, 3.9829489494262598, -3.7839423466308197, 8.914152903021224, 7.219673849568672, 5.088199092265031, 10.0, 10, -1.8626896199084393, 2.376413229137073, 7.860740347557987]
850, -0.25741110624, [-8.38378990856792, 10, -10, -0.5611875000505491, 3.6054503421354713, -0.6619475129535377, -7.215521703358637, 6.263401230921881, -7.2226634384566415, -10, 1.1078344797486195, -0.3993691205882768, -1.6185129978238395, -5.075583251631976, 4.564183474796616, 0.732170930092134, -5.866818881546248, 1.9323868775626585, -4.109195761158132, -3.4538271462389907, 3.9829489494262598, -3.7839423466308197, 8.914152903021224, 7.219673849568672, 5.088199092265031, 10.0, 10, -1.8626896199084393, 2.376413229137073, 7.860740347557987]
860, -0.25741110624, [-8.38378990856792, 10, -10, -0.5611875000505491, 3.6054503421354713, -0.6619475129535377, -7.215521703358637, 6.263401230921881, -7.2226634384566415, -10, 1.1078344797486195, -0.3993691205882768, -1.6185129978238395, -5.075583251631976, 4.564183474796616, 0.732170930092134, -5.866818881546248, 1.9323868775626585, -4.109195761158132, -3.4538271462389907, 3.9829489494262598, -3.7839423466308197, 8.914152903021224, 7.219673849568672, 5.088199092265031, 10.0, 10, -1.8626896199084393, 2.376413229137073, 7.860740347557987]
870, -0.25741110624, [-8.38378990856792, 10, -10, -0.5611875000505491, 3.6054503421354713, -0.6619475129535377, -7.215521703358637, 6.263401230921881, -7.2226634384566415, -10, 1.1078344797486195, -0.3993691205882768, -1.6185129978238395, -5.075583251631976, 4.564183474796616, 0.732170930092134, -5.866818881546248, 1.9323868775626585, -4.109195761158132, -3.4538271462389907, 3.9829489494262598, -3.7839423466308197, 8.914152903021224, 7.219673849568672, 5.088199092265031, 10.0, 10, -1.8626896199084393, 2.376413229137073, 7.860740347557987]
880, -0.25741110624, [-8.38378990856792, 10, -10, -0.5611875000505491, 3.6054503421354713, -0.6619475129535377, -7.215521703358637, 6.263401230921881, -7.2226634384566415, -10, 1.1078344797486195, -0.3993691205882768, -1.6185129978238395, -5.075583251631976, 4.564183474796616, 0.732170930092134, -5.866818881546248, 1.9323868775626585, -4.109195761158132, -3.4538271462389907, 3.9829489494262598, -3.7839423466308197, 8.914152903021224, 7.219673849568672, 5.088199092265031, 10.0, 10, -1.8626896199084393, 2.376413229137073, 7.860740347557987]
890, -0.25741110624, [-8.38378990856792, 10, -10, -0.5611875000505491, 3.6054503421354713, -0.6619475129535377, -7.215521703358637, 6.263401230921881, -7.2226634384566415, -10, 1.1078344797486195, -0.3993691205882768, -1.6185129978238395, -5.075583251631976, 4.564183474796616, 0.732170930092134, -5.866818881546248, 1.9323868775626585, -4.109195761158132, -3.4538271462389907, 3.9829489494262598, -3.7839423466308197, 8.914152903021224, 7.219673849568672, 5.088199092265031, 10.0, 10, -1.8626896199084393, 2.376413229137073, 7.860740347557987]
900, -0.25741110624, [-8.38378990856792, 10, -10, -0.5611875000505491, 3.6054503421354713, -0.6619475129535377, -7.215521703358637, 6.263401230921881, -7.2226634384566415, -10, 1.1078344797486195, -0.3993691205882768, -1.6185129978238395, -5.075583251631976, 4.564183474796616, 0.732170930092134, -5.866818881546248, 1.9323868775626585, -4.109195761158132, -3.4538271462389907, 3.9829489494262598, -3.7839423466308197, 8.914152903021224, 7.219673849568672, 5.088199092265031, 10.0, 10, -1.8626896199084393, 2.376413229137073, 7.860740347557987]
910, -0.25741110624, [-8.38378990856792, 10, -10, -0.5611875000505491, 3.6054503421354713, -0.6619475129535377, -7.215521703358637, 6.263401230921881, -7.2226634384566415, -10, 1.1078344797486195, -0.3993691205882768, -1.6185129978238395, -5.075583251631976, 4.564183474796616, 0.732170930092134, -5.866818881546248, 1.9323868775626585, -4.109195761158132, -3.4538271462389907, 3.9829489494262598, -3.7839423466308197, 8.914152903021224, 7.219673849568672, 5.088199092265031, 10.0, 10, -1.8626896199084393, 2.376413229137073, 7.860740347557987]
920, -0.25741110624, [-8.38378990856792, 10, -10, -0.5611875000505491, 3.6054503421354713, -0.6619475129535377, -7.215521703358637, 6.263401230921881, -7.2226634384566415, -10, 1.1078344797486195, -0.3993691205882768, -1.6185129978238395, -5.075583251631976, 4.564183474796616, 0.732170930092134, -5.866818881546248, 1.9323868775626585, -4.109195761158132, -3.4538271462389907, 3.9829489494262598, -3.7839423466308197, 8.914152903021224, 7.219673849568672, 5.088199092265031, 10.0, 10, -1.8626896199084393, 2.376413229137073, 7.860740347557987]
930, -0.25741110624, [-8.38378990856792, 10, -10, -0.5611875000505491, 3.6054503421354713, -0.6619475129535377, -7.215521703358637, 6.263401230921881, -7.2226634384566415, -10, 1.1078344797486195, -0.3993691205882768, -1.6185129978238395, -5.075583251631976, 4.564183474796616, 0.732170930092134, -5.866818881546248, 1.9323868775626585, -4.109195761158132, -3.4538271462389907, 3.9829489494262598, -3.7839423466308197, 8.914152903021224, 7.219673849568672, 5.088199092265031, 10.0, 10, -1.8626896199084393, 2.376413229137073, 7.860740347557987]
940, -0.25741110624, [-8.38378990856792, 10, -10, -0.5611875000505491, 3.6054503421354713, -0.6619475129535377, -7.215521703358637, 6.263401230921881, -7.2226634384566415, -10, 1.1078344797486195, -0.3993691205882768, -1.6185129978238395, -5.075583251631976, 4.564183474796616, 0.732170930092134, -5.866818881546248, 1.9323868775626585, -4.109195761158132, -3.4538271462389907, 3.9829489494262598, -3.7839423466308197, 8.914152903021224, 7.219673849568672, 5.088199092265031, 10.0, 10, -1.8626896199084393, 2.376413229137073, 7.860740347557987]
950, -0.25741110624, [-8.38378990856792, 10, -10, -0.5611875000505491, 3.6054503421354713, -0.6619475129535377, -7.215521703358637, 6.263401230921881, -7.2226634384566415, -10, 1.1078344797486195, -0.3993691205882768, -1.6185129978238395, -5.075583251631976, 4.564183474796616, 0.732170930092134, -5.866818881546248, 1.9323868775626585, -4.109195761158132, -3.4538271462389907, 3.9829489494262598, -3.7839423466308197, 8.914152903021224, 7.219673849568672, 5.088199092265031, 10.0, 10, -1.8626896199084393, 2.376413229137073, 7.860740347557987]
960, -0.25741110624, [-8.38378990856792, 10, -10, -0.5611875000505491, 3.6054503421354713, -0.6619475129535377, -7.215521703358637, 6.263401230921881, -7.2226634384566415, -10, 1.1078344797486195, -0.3993691205882768, -1.6185129978238395, -5.075583251631976, 4.564183474796616, 0.732170930092134, -5.866818881546248, 1.9323868775626585, -4.109195761158132, -3.4538271462389907, 3.9829489494262598, -3.7839423466308197, 8.914152903021224, 7.219673849568672, 5.088199092265031, 10.0, 10, -1.8626896199084393, 2.376413229137073, 7.860740347557987]
970, -0.25741110624, [-8.38378990856792, 10, -10, -0.5611875000505491, 3.6054503421354713, -0.6619475129535377, -7.215521703358637, 6.263401230921881, -7.2226634384566415, -10, 1.1078344797486195, -0.3993691205882768, -1.6185129978238395, -5.075583251631976, 4.564183474796616, 0.732170930092134, -5.866818881546248, 1.9323868775626585, -4.109195761158132, -3.4538271462389907, 3.9829489494262598, -3.7839423466308197, 8.914152903021224, 7.219673849568672, 5.088199092265031, 10.0, 10, -1.8626896199084393, 2.376413229137073, 7.860740347557987]
980, -0.25741110624, [-8.38378990856792, 10, -10, -0.5611875000505491, 3.6054503421354713, -0.6619475129535377, -7.215521703358637, 6.263401230921881, -7.2226634384566415, -10, 1.1078344797486195, -0.3993691205882768, -1.6185129978238395, -5.075583251631976, 4.564183474796616, 0.732170930092134, -5.866818881546248, 1.9323868775626585, -4.109195761158132, -3.4538271462389907, 3.9829489494262598, -3.7839423466308197, 8.914152903021224, 7.219673849568672, 5.088199092265031, 10.0, 10, -1.8626896199084393, 2.376413229137073, 7.860740347557987]
990, -0.25741110624, [-8.38378990856792, 10, -10, -0.5611875000505491, 3.6054503421354713, -0.6619475129535377, -7.215521703358637, 6.263401230921881, -7.2226634384566415, -10, 1.1078344797486195, -0.3993691205882768, -1.6185129978238395, -5.075583251631976, 4.564183474796616, 0.732170930092134, -5.866818881546248, 1.9323868775626585, -4.109195761158132, -3.4538271462389907, 3.9829489494262598, -3.7839423466308197, 8.914152903021224, 7.219673849568672, 5.088199092265031, 10.0, 10, -1.8626896199084393, 2.376413229137073, 7.860740347557987]
1000, -0.25741110624, [-8.38378990856792, 10, -10, -0.5611875000505491, 3.6054503421354713, -0.6619475129535377, -7.215521703358637, 6.263401230921881, -7.2226634384566415, -10, 1.1078344797486195, -0.3993691205882768, -1.6185129978238395, -5.075583251631976, 4.564183474796616, 0.732170930092134, -5.866818881546248, 1.9323868775626585, -4.109195761158132, -3.4538271462389907, 3.9829489494262598, -3.7839423466308197, 8.914152903021224, 7.219673849568672, 5.088199092265031, 10.0, 10, -1.8626896199084393, 2.376413229137073, 7.860740347557987]
1010, -0.25741110624, [-8.38378990856792, 10, -10, -0.5611875000505491, 3.6054503421354713, -0.6619475129535377, -7.215521703358637, 6.263401230921881, -7.2226634384566415, -10, 1.1078344797486195, -0.3993691205882768, -1.6185129978238395, -5.075583251631976, 4.564183474796616, 0.732170930092134, -5.866818881546248, 1.9323868775626585, -4.109195761158132, -3.4538271462389907, 3.9829489494262598, -3.7839423466308197, 8.914152903021224, 7.219673849568672, 5.088199092265031, 10.0, 10, -1.8626896199084393, 2.376413229137073, 7.860740347557987]
1020, -0.25741110624, [-8.38378990856792, 10, -10, -0.5611875000505491, 3.6054503421354713, -0.6619475129535377, -7.215521703358637, 6.263401230921881, -7.2226634384566415, -10, 1.1078344797486195, -0.3993691205882768, -1.6185129978238395, -5.075583251631976, 4.564183474796616, 0.732170930092134, -5.866818881546248, 1.9323868775626585, -4.109195761158132, -3.4538271462389907, 3.9829489494262598, -3.7839423466308197, 8.914152903021224, 7.219673849568672, 5.088199092265031, 10.0, 10, -1.8626896199084393, 2.376413229137073, 7.860740347557987]
1030, -0.25741110624, [-8.38378990856792, 10, -10, -0.5611875000505491, 3.6054503421354713, -0.6619475129535377, -7.215521703358637, 6.263401230921881, -7.2226634384566415, -10, 1.1078344797486195, -0.3993691205882768, -1.6185129978238395, -5.075583251631976, 4.564183474796616, 0.732170930092134, -5.866818881546248, 1.9323868775626585, -4.109195761158132, -3.4538271462389907, 3.9829489494262598, -3.7839423466308197, 8.914152903021224, 7.219673849568672, 5.088199092265031, 10.0, 10, -1.8626896199084393, 2.376413229137073, 7.860740347557987]
1040, -0.25741110624, [-8.38378990856792, 10, -10, -0.5611875000505491, 3.6054503421354713, -0.6619475129535377, -7.215521703358637, 6.263401230921881, -7.2226634384566415, -10, 1.1078344797486195, -0.3993691205882768, -1.6185129978238395, -5.075583251631976, 4.564183474796616, 0.732170930092134, -5.866818881546248, 1.9323868775626585, -4.109195761158132, -3.4538271462389907, 3.9829489494262598, -3.7839423466308197, 8.914152903021224, 7.219673849568672, 5.088199092265031, 10.0, 10, -1.8626896199084393, 2.376413229137073, 7.860740347557987]
0, -0.161825020123, [2.5370334785054283, -4.618063765641692, 1.9512639206776914, -8.399634696202938, 5.6726402978219035, 5.00386131534179, -2.3743405779314974, -1.8638986810080924, 7.19677729927213, -8.11188138201857, 7.4903056740920695, -8.6825944568761, -7.079272784899667, 2.471978913059006, -6.087351146462884, 3.087128622584638, 6.1903320992000594, 3.958044035297574, -0.5085472819921311, -9.973011183589596, -10, -9.270441444835779, 4.723351339531765, -9.360539582378474, 7.510435398853986, 1.5148431714498791, -0.8289281580778054, 1.6863083555893166, -9.040436473552528, 2.4774369195332953]
10, -0.219184117488, [1.1617475423871007, 9.304323207172224, 3.7857926466884795, -9.930747912201367, 7.412889755986939, -0.17762021977204068, -1.7973933002306515, 1.603862104843924, 9.991522799838966, -9.858832379980289, 4.763340543442782, -2.96720572944923, -8.621152617695829, 3.084837167135312, -4.1004836405330884, -4.853701957129251, 7.552722789083806, 9.766343968964424, 0.33067282475907844, -5.37808246398662, -8.329936845414938, -2.6995808418308513, 1.341878277692369, -4.244062288121126, 8.362021894773127, 8.1353448103931, 0.10568270567263571, -0.32868413700077426, -4.7998631297668855, -3.7530840385238307]
20, -0.219184117488, [1.1617475423871007, 9.304323207172224, 3.7857926466884795, -9.930747912201367, 7.412889755986939, -0.17762021977204068, -1.7973933002306515, 1.603862104843924, 9.991522799838966, -9.858832379980289, 4.763340543442782, -2.96720572944923, -8.621152617695829, 3.084837167135312, -4.1004836405330884, -4.853701957129251, 7.552722789083806, 9.766343968964424, 0.33067282475907844, -5.37808246398662, -8.329936845414938, -2.6995808418308513, 1.341878277692369, -4.244062288121126, 8.362021894773127, 8.1353448103931, 0.10568270567263571, -0.32868413700077426, -4.7998631297668855, -3.7530840385238307]
30, -0.219184117488, [1.1617475423871007, 9.304323207172224, 3.7857926466884795, -9.930747912201367, 7.412889755986939, -0.17762021977204068, -1.7973933002306515, 1.603862104843924, 9.991522799838966, -9.858832379980289, 4.763340543442782, -2.96720572944923, -8.621152617695829, 3.084837167135312, -4.1004836405330884, -4.853701957129251, 7.552722789083806, 9.766343968964424, 0.33067282475907844, -5.37808246398662, -8.329936845414938, -2.6995808418308513, 1.341878277692369, -4.244062288121126, 8.362021894773127, 8.1353448103931, 0.10568270567263571, -0.32868413700077426, -4.7998631297668855, -3.7530840385238307]
40, -0.219184117488, [1.1617475423871007, 9.304323207172224, 3.7857926466884795, -9.930747912201367, 7.412889755986939, -0.17762021977204068, -1.7973933002306515, 1.603862104843924, 9.991522799838966, -9.858832379980289, 4.763340543442782, -2.96720572944923, -8.621152617695829, 3.084837167135312, -4.1004836405330884, -4.853701957129251, 7.552722789083806, 9.766343968964424, 0.33067282475907844, -5.37808246398662, -8.329936845414938, -2.6995808418308513, 1.341878277692369, -4.244062288121126, 8.362021894773127, 8.1353448103931, 0.10568270567263571, -0.32868413700077426, -4.7998631297668855, -3.7530840385238307]
50, -0.219184117488, [1.1617475423871007, 9.304323207172224, 3.7857926466884795, -9.930747912201367, 7.412889755986939, -0.17762021977204068, -1.7973933002306515, 1.603862104843924, 9.991522799838966, -9.858832379980289, 4.763340543442782, -2.96720572944923, -8.621152617695829, 3.084837167135312, -4.1004836405330884, -4.853701957129251, 7.552722789083806, 9.766343968964424, 0.33067282475907844, -5.37808246398662, -8.329936845414938, -2.6995808418308513, 1.341878277692369, -4.244062288121126, 8.362021894773127, 8.1353448103931, 0.10568270567263571, -0.32868413700077426, -4.7998631297668855, -3.7530840385238307]
60, -0.239491554058, [-7.406399058899341, 9.304323207172224, -6.285634403415304, -3.725855812865806, -0.7127724179245138, -10, 4.101303349884674, 1.9066006620571831, 8.9525002622975, -9.858832379980289, 4.763340543442782, -6.225945994846594, -6.731390400996752, 3.084837167135312, -9.744005791968466, 1.1823318845760211, 6.154668987146353, 9.766343968964424, -0.16638929603667907, -5.37808246398662, -10, -2.6995808418308513, 1.341878277692369, -10, 8.362021894773127, 4.432879772058234, 0.10568270567263571, -0.32868413700077426, -4.7998631297668855, 9.148894415558201]
70, -0.239491554058, [-7.406399058899341, 9.304323207172224, -6.285634403415304, -3.725855812865806, -0.7127724179245138, -10, 4.101303349884674, 1.9066006620571831, 8.9525002622975, -9.858832379980289, 4.763340543442782, -6.225945994846594, -6.731390400996752, 3.084837167135312, -9.744005791968466, 1.1823318845760211, 6.154668987146353, 9.766343968964424, -0.16638929603667907, -5.37808246398662, -10, -2.6995808418308513, 1.341878277692369, -10, 8.362021894773127, 4.432879772058234, 0.10568270567263571, -0.32868413700077426, -4.7998631297668855, 9.148894415558201]
80, -0.239491554058, [-7.406399058899341, 9.304323207172224, -6.285634403415304, -3.725855812865806, -0.7127724179245138, -10, 4.101303349884674, 1.9066006620571831, 8.9525002622975, -9.858832379980289, 4.763340543442782, -6.225945994846594, -6.731390400996752, 3.084837167135312, -9.744005791968466, 1.1823318845760211, 6.154668987146353, 9.766343968964424, -0.16638929603667907, -5.37808246398662, -10, -2.6995808418308513, 1.341878277692369, -10, 8.362021894773127, 4.432879772058234, 0.10568270567263571, -0.32868413700077426, -4.7998631297668855, 9.148894415558201]
90, -0.239491554058, [-7.406399058899341, 9.304323207172224, -6.285634403415304, -3.725855812865806, -0.7127724179245138, -10, 4.101303349884674, 1.9066006620571831, 8.9525002622975, -9.858832379980289, 4.763340543442782, -6.225945994846594, -6.731390400996752, 3.084837167135312, -9.744005791968466, 1.1823318845760211, 6.154668987146353, 9.766343968964424, -0.16638929603667907, -5.37808246398662, -10, -2.6995808418308513, 1.341878277692369, -10, 8.362021894773127, 4.432879772058234, 0.10568270567263571, -0.32868413700077426, -4.7998631297668855, 9.148894415558201]
100, -0.239491554058, [-7.406399058899341, 9.304323207172224, -6.285634403415304, -3.725855812865806, -0.7127724179245138, -10, 4.101303349884674, 1.9066006620571831, 8.9525002622975, -9.858832379980289, 4.763340543442782, -6.225945994846594, -6.731390400996752, 3.084837167135312, -9.744005791968466, 1.1823318845760211, 6.154668987146353, 9.766343968964424, -0.16638929603667907, -5.37808246398662, -10, -2.6995808418308513, 1.341878277692369, -10, 8.362021894773127, 4.432879772058234, 0.10568270567263571, -0.32868413700077426, -4.7998631297668855, 9.148894415558201]
110, -0.239491554058, [-7.406399058899341, 9.304323207172224, -6.285634403415304, -3.725855812865806, -0.7127724179245138, -10, 4.101303349884674, 1.9066006620571831, 8.9525002622975, -9.858832379980289, 4.763340543442782, -6.225945994846594, -6.731390400996752, 3.084837167135312, -9.744005791968466, 1.1823318845760211, 6.154668987146353, 9.766343968964424, -0.16638929603667907, -5.37808246398662, -10, -2.6995808418308513, 1.341878277692369, -10, 8.362021894773127, 4.432879772058234, 0.10568270567263571, -0.32868413700077426, -4.7998631297668855, 9.148894415558201]
120, -0.239491554058, [-7.406399058899341, 9.304323207172224, -6.285634403415304, -3.725855812865806, -0.7127724179245138, -10, 4.101303349884674, 1.9066006620571831, 8.9525002622975, -9.858832379980289, 4.763340543442782, -6.225945994846594, -6.731390400996752, 3.084837167135312, -9.744005791968466, 1.1823318845760211, 6.154668987146353, 9.766343968964424, -0.16638929603667907, -5.37808246398662, -10, -2.6995808418308513, 1.341878277692369, -10, 8.362021894773127, 4.432879772058234, 0.10568270567263571, -0.32868413700077426, -4.7998631297668855, 9.148894415558201]
130, -0.239491554058, [-7.406399058899341, 9.304323207172224, -6.285634403415304, -3.725855812865806, -0.7127724179245138, -10, 4.101303349884674, 1.9066006620571831, 8.9525002622975, -9.858832379980289, 4.763340543442782, -6.225945994846594, -6.731390400996752, 3.084837167135312, -9.744005791968466, 1.1823318845760211, 6.154668987146353, 9.766343968964424, -0.16638929603667907, -5.37808246398662, -10, -2.6995808418308513, 1.341878277692369, -10, 8.362021894773127, 4.432879772058234, 0.10568270567263571, -0.32868413700077426, -4.7998631297668855, 9.148894415558201]
140, -0.239491554058, [-7.406399058899341, 9.304323207172224, -6.285634403415304, -3.725855812865806, -0.7127724179245138, -10, 4.101303349884674, 1.9066006620571831, 8.9525002622975, -9.858832379980289, 4.763340543442782, -6.225945994846594, -6.731390400996752, 3.084837167135312, -9.744005791968466, 1.1823318845760211, 6.154668987146353, 9.766343968964424, -0.16638929603667907, -5.37808246398662, -10, -2.6995808418308513, 1.341878277692369, -10, 8.362021894773127, 4.432879772058234, 0.10568270567263571, -0.32868413700077426, -4.7998631297668855, 9.148894415558201]
150, -0.239491554058, [-7.406399058899341, 9.304323207172224, -6.285634403415304, -3.725855812865806, -0.7127724179245138, -10, 4.101303349884674, 1.9066006620571831, 8.9525002622975, -9.858832379980289, 4.763340543442782, -6.225945994846594, -6.731390400996752, 3.084837167135312, -9.744005791968466, 1.1823318845760211, 6.154668987146353, 9.766343968964424, -0.16638929603667907, -5.37808246398662, -10, -2.6995808418308513, 1.341878277692369, -10, 8.362021894773127, 4.432879772058234, 0.10568270567263571, -0.32868413700077426, -4.7998631297668855, 9.148894415558201]
160, -0.239491554058, [-7.406399058899341, 9.304323207172224, -6.285634403415304, -3.725855812865806, -0.7127724179245138, -10, 4.101303349884674, 1.9066006620571831, 8.9525002622975, -9.858832379980289, 4.763340543442782, -6.225945994846594, -6.731390400996752, 3.084837167135312, -9.744005791968466, 1.1823318845760211, 6.154668987146353, 9.766343968964424, -0.16638929603667907, -5.37808246398662, -10, -2.6995808418308513, 1.341878277692369, -10, 8.362021894773127, 4.432879772058234, 0.10568270567263571, -0.32868413700077426, -4.7998631297668855, 9.148894415558201]
170, -0.249573732971, [-7.06257757486976, 9.98799635098264, -4.493543124494302, -3.789852404621783, 0.8919417421783737, -8.867433082303169, 3.732634809252466, 1.612117199879279, 8.929970917748612, -9.036604229213797, 1.0437395435654149, -5.311737513291099, -5.015569376249132, 10, -9.760005429970436, 3.4087722502640596, 6.372000421447401, 9.70792996120553, -1.2703153213231877, -5.377239063473795, -10.0, -9.049371262746277, -9.68246019543804, -9.680269791189236, -2.790514249258022, 5.197685877674624, 1.4435278077360414, -0.2591489225011322, -4.968176377258255, 7.219032942195086]
180, -0.260487234205, [-7.406399058899341, 9.304323207172224, -6.285634403415304, -3.725855812865806, -2.2497189289963275, -10, 5.022974701465193, 2.0455872981107808, 9.137641790842274, -7.022031730869063, 4.763340543442782, -6.225945994846594, -5.314068738472443, -0.37274424929703187, -9.864003076983249, 2.0474011118039814, 6.319773821975574, 9.766343968964424, -0.16638929603667907, -5.37808246398662, -10.0, -7.461923657517421, 6.854047514257574, -10.0, 8.362021894773127, 4.33285236296445, 0.7706008071066975, -0.32868413700077426, -4.7998631297668855, 9.148894415558201]
190, -0.260487234205, [-7.406399058899341, 9.304323207172224, -6.285634403415304, -3.725855812865806, -2.2497189289963275, -10, 5.022974701465193, 2.0455872981107808, 9.137641790842274, -7.022031730869063, 4.763340543442782, -6.225945994846594, -5.314068738472443, -0.37274424929703187, -9.864003076983249, 2.0474011118039814, 6.319773821975574, 9.766343968964424, -0.16638929603667907, -5.37808246398662, -10.0, -7.461923657517421, 6.854047514257574, -10.0, 8.362021894773127, 4.33285236296445, 0.7706008071066975, -0.32868413700077426, -4.7998631297668855, 9.148894415558201]
