100, -0.243022944582, [1.1644718742406606, 1.455189526493319, -4.635199658906929, -1.4208929266484072, -1.375729827590344, -2.384145336768884, -2.3816062844200756, 1.925902333850769, 0.6013108378553527, -3.258084370361124, -3.454118444864641, 1.1117501641056506, -3.6192582028214026, 3.092220892013755, -3.082160616556246, 0.17363850070499964, 2.1241184785504226, -0.8569271442889335]
200, -0.26150939795, [-0.016556061326645555, -2.5562479320522296, -2.8474980035030777, -3.8857898398682473, 3.465558057387087, 1.3020680775004394, 0.19686330851925948, 3.431194081351908, -3.5803329637502537, -2.3327258267766533, -4.088641375391295, -1.100445590427627, 0.15513584572321104, 3.1584675504382567, -2.9869231833275034, -0.48327553553938696, -3.764760576548809, -4.659781127747652]
300, -0.26150939795, [-0.016556061326645555, -2.5562479320522296, -2.8474980035030777, -3.8857898398682473, 3.465558057387087, 1.3020680775004394, 0.19686330851925948, 3.431194081351908, -3.5803329637502537, -2.3327258267766533, -4.088641375391295, -1.100445590427627, 0.15513584572321104, 3.1584675504382567, -2.9869231833275034, -0.48327553553938696, -3.764760576548809, -4.659781127747652]
400, -0.270177201641, [0.0951890630177945, -2.5562479320522296, -2.8474980035030777, -3.8857898398682473, 3.465558057387087, 1.3020680775004394, 0.19686330851925948, 3.8343699775614355, -3.5803329637502537, -2.3327258267766533, -4.088641375391295, -1.100445590427627, 0.15513584572321104, 3.1584675504382567, -2.9869231833275034, -0.48327553553938696, -3.764760576548809, -4.659781127747652]
500, -0.270177201641, [0.0951890630177945, -2.5562479320522296, -2.8474980035030777, -3.8857898398682473, 3.465558057387087, 1.3020680775004394, 0.19686330851925948, 3.8343699775614355, -3.5803329637502537, -2.3327258267766533, -4.088641375391295, -1.100445590427627, 0.15513584572321104, 3.1584675504382567, -2.9869231833275034, -0.48327553553938696, -3.764760576548809, -4.659781127747652]
600, -0.275537821472, [0.0951890630177945, -2.5562479320522296, -2.8474980035030777, -3.8857898398682473, 3.465558057387087, 1.3020680775004394, 0.19686330851925948, 3.8343699775614355, -3.5803329637502537, -2.002651441108843, -4.088641375391295, -1.100445590427627, 0.15513584572321104, 3.1584675504382567, -2.9869231833275034, -0.48327553553938696, -3.764760576548809, -4.659781127747652]
700, -0.275537821472, [0.0951890630177945, -2.5562479320522296, -2.8474980035030777, -3.8857898398682473, 3.465558057387087, 1.3020680775004394, 0.19686330851925948, 3.8343699775614355, -3.5803329637502537, -2.002651441108843, -4.088641375391295, -1.100445590427627, 0.15513584572321104, 3.1584675504382567, -2.9869231833275034, -0.48327553553938696, -3.764760576548809, -4.659781127747652]
800, -0.276435314951, [-1.1971713832409505, 0.5125579479930371, 0.5389351594555554, -3.782979913962843, -4.86313318206151, 2.983671739783334, 1.0537921526291776, -4.558023225184437, 1.268874223658926, -1.0839695759223704, -2.8836437473763894, 4.463875860543231, 3.0835700103501655, -2.8917134431768887, 2.2362427715380635, 0.8222651699310061, 3.7621438349357312, -0.7692222599441431]
900, -0.279601542205, [-4.543782669595432, -2.5174920700283483, 1.7782236356585681, 2.3389874659833993, -0.8854245631302737, -2.5728508010837405, -0.3612767559092287, -4.538971381334564, -1.3576875154037162, 2.7080710677460176, -2.8192260003700165, -1.7012922686802021, -2.8641282953348055, 2.693867630979242, 3.4281369577870375, 0.21975317747930184, 3.766040160781924, -1.667832450255107]
1000, -0.279601542205, [-4.543782669595432, -2.5174920700283483, 1.7782236356585681, 2.3389874659833993, -0.8854245631302737, -2.5728508010837405, -0.3612767559092287, -4.538971381334564, -1.3576875154037162, 2.7080710677460176, -2.8192260003700165, -1.7012922686802021, -2.8641282953348055, 2.693867630979242, 3.4281369577870375, 0.21975317747930184, 3.766040160781924, -1.667832450255107]
1100, -0.279601542205, [-4.543782669595432, -2.5174920700283483, 1.7782236356585681, 2.3389874659833993, -0.8854245631302737, -2.5728508010837405, -0.3612767559092287, -4.538971381334564, -1.3576875154037162, 2.7080710677460176, -2.8192260003700165, -1.7012922686802021, -2.8641282953348055, 2.693867630979242, 3.4281369577870375, 0.21975317747930184, 3.766040160781924, -1.667832450255107]
1200, -0.282676560196, [2.9971144515648325, -0.14130119861136758, 4.1543075822996265, 3.1081410957782967, -1.122874289026599, 0.5139313474644613, -4.695219071027477, 4.925203284854337, 0.6151306895178501, -1.7279902537443146, 4.235985976815066, 1.7962196368123178, -4.16417832690756, -0.3695731834600857, 4.249829819420338, -3.8650332433863115, -2.049408961637094, 1.3847171788900159]
1300, -0.290222723809, [-1.1971713832409505, 0.5125579479930371, 0.5389351594555554, -3.782979913962843, -4.86313318206151, 2.983671739783334, 1.0537921526291776, -4.558023225184437, 1.268874223658926, -1.0839695759223704, -1.9168556862889048, 4.463875860543231, 3.0835700103501655, -2.8917134431768887, 2.2362427715380635, 0.8222651699310061, 3.7621438349357312, -0.7692222599441431]
1400, -0.290222723809, [-1.1971713832409505, 0.5125579479930371, 0.5389351594555554, -3.782979913962843, -4.86313318206151, 2.983671739783334, 1.0537921526291776, -4.558023225184437, 1.268874223658926, -1.0839695759223704, -1.9168556862889048, 4.463875860543231, 3.0835700103501655, -2.8917134431768887, 2.2362427715380635, 0.8222651699310061, 3.7621438349357312, -0.7692222599441431]
1500, -0.290745244431, [2.9971144515648325, -0.14130119861136758, 4.1543075822996265, 3.1081410957782967, -1.122874289026599, 0.5139313474644613, -4.695219071027477, 4.925203284854337, 0.6151306895178501, -1.40468514896678, 4.235985976815066, 1.7962196368123178, -4.16417832690756, -0.5328168300730836, 4.249829819420338, -3.8650332433863115, -2.049408961637094, 1.3847171788900159]
1600, -0.290745244431, [2.9971144515648325, -0.14130119861136758, 4.1543075822996265, 3.1081410957782967, -1.122874289026599, 0.5139313474644613, -4.695219071027477, 4.925203284854337, 0.6151306895178501, -1.40468514896678, 4.235985976815066, 1.7962196368123178, -4.16417832690756, -0.5328168300730836, 4.249829819420338, -3.8650332433863115, -2.049408961637094, 1.3847171788900159]
1700, -0.290745244431, [2.9971144515648325, -0.14130119861136758, 4.1543075822996265, 3.1081410957782967, -1.122874289026599, 0.5139313474644613, -4.695219071027477, 4.925203284854337, 0.6151306895178501, -1.40468514896678, 4.235985976815066, 1.7962196368123178, -4.16417832690756, -0.5328168300730836, 4.249829819420338, -3.8650332433863115, -2.049408961637094, 1.3847171788900159]
1800, -0.290745244431, [2.9971144515648325, -0.14130119861136758, 4.1543075822996265, 3.1081410957782967, -1.122874289026599, 0.5139313474644613, -4.695219071027477, 4.925203284854337, 0.6151306895178501, -1.40468514896678, 4.235985976815066, 1.7962196368123178, -4.16417832690756, -0.5328168300730836, 4.249829819420338, -3.8650332433863115, -2.049408961637094, 1.3847171788900159]
1900, -0.291919834403, [0.5931730902811188, -2.5606312397697146, 1.0366471373050188, -4.152222388381098, 2.513292107559275, 2.241852402971226, -1.9918630807931381, 0.1866290792795211, 1.9247578257443971, 4.941113009826941, 3.6159709628520513, 2.256774812610576, -2.675527227808364, -3.371194836241708, -2.91919359097644, -2.842127803851662, 0.4555790123236996, -0.23980625176945222]
2000, -0.298344387421, [0.5931730902811188, -2.5606312397697146, 1.0366471373050188, -4.152222388381098, 2.513292107559275, 2.241852402971226, -1.9918630807931381, 0.1866290792795211, 1.9247578257443971, 4.941113009826941, 2.895240019150152, 2.256774812610576, -2.675527227808364, -3.371194836241708, -2.91919359097644, -2.842127803851662, 0.7495090609382542, -0.23980625176945222]
2100, -0.298344387421, [0.5931730902811188, -2.5606312397697146, 1.0366471373050188, -4.152222388381098, 2.513292107559275, 2.241852402971226, -1.9918630807931381, 0.1866290792795211, 1.9247578257443971, 4.941113009826941, 2.895240019150152, 2.256774812610576, -2.675527227808364, -3.371194836241708, -2.91919359097644, -2.842127803851662, 0.7495090609382542, -0.23980625176945222]
2200, -0.300483653514, [-3.327871399426745, -0.7015512218692963, 2.302985251843049, 0.6922637789222872, 0.6035458579799078, -2.6130028205204123, 2.9862957385455173, -2.0246714482745354, -2.751960613088026, 1.533459671147643, 1.1064973661139907, 0.6483101836673488, 4.171165272292208, 1.646655795713598, 2.7784250996250806, 2.0719901499673927, -0.33270045701366535, 2.8624491448494567]
2300, -0.300584532475, [-3.327871399426745, -0.7015512218692963, 2.302985251843049, 0.6922637789222872, 0.6035458579799078, -2.6094483602822582, 2.9862957385455173, -2.0246714482745354, -2.751960613088026, 1.533459671147643, 1.1064973661139907, 0.6483101836673488, 4.171165272292208, 1.646655795713598, 2.7784250996250806, 2.0719901499673927, -0.33270045701366535, 2.8624491448494567]
2400, -0.300584532475, [-3.327871399426745, -0.7015512218692963, 2.302985251843049, 0.6922637789222872, 0.6035458579799078, -2.6094483602822582, 2.9862957385455173, -2.0246714482745354, -2.751960613088026, 1.533459671147643, 1.1064973661139907, 0.6483101836673488, 4.171165272292208, 1.646655795713598, 2.7784250996250806, 2.0719901499673927, -0.33270045701366535, 2.8624491448494567]
2500, -0.300584532475, [-3.327871399426745, -0.7015512218692963, 2.302985251843049, 0.6922637789222872, 0.6035458579799078, -2.6094483602822582, 2.9862957385455173, -2.0246714482745354, -2.751960613088026, 1.533459671147643, 1.1064973661139907, 0.6483101836673488, 4.171165272292208, 1.646655795713598, 2.7784250996250806, 2.0719901499673927, -0.33270045701366535, 2.8624491448494567]
2600, -0.300961231951, [0.5931730902811188, -2.5606312397697146, 1.0366471373050188, -4.152222388381098, 2.513292107559275, 2.241852402971226, -1.9918630807931381, 0.1866290792795211, 1.9247578257443971, 4.941113009826941, 2.895240019150152, 2.256774812610576, -2.675527227808364, -3.371194836241708, -2.91919359097644, -2.842127803851662, 0.7495090609382542, -0.8040199019840814]
2700, -0.300961231951, [0.5931730902811188, -2.5606312397697146, 1.0366471373050188, -4.152222388381098, 2.513292107559275, 2.241852402971226, -1.9918630807931381, 0.1866290792795211, 1.9247578257443971, 4.941113009826941, 2.895240019150152, 2.256774812610576, -2.675527227808364, -3.371194836241708, -2.91919359097644, -2.842127803851662, 0.7495090609382542, -0.8040199019840814]
2800, -0.300961231951, [0.5931730902811188, -2.5606312397697146, 1.0366471373050188, -4.152222388381098, 2.513292107559275, 2.241852402971226, -1.9918630807931381, 0.1866290792795211, 1.9247578257443971, 4.941113009826941, 2.895240019150152, 2.256774812610576, -2.675527227808364, -3.371194836241708, -2.91919359097644, -2.842127803851662, 0.7495090609382542, -0.8040199019840814]
2900, -0.303659017557, [-3.329995070902073, 0.733358008591624, -0.4140373389229405, -2.134295167714561, 2.1584921312480345, 3.515461114285085, -4.975688922063539, 3.0344728288033407, -1.8216107949232747, 3.620534568403877, -0.16468638401200983, 2.3851041699744004, -2.305586144541465, 4.220948603882844, 4.357203382644618, -4.237756581415048, 4.1072611008229085, 0.6488361172120465]
3000, -0.303659017557, [-3.329995070902073, 0.733358008591624, -0.4140373389229405, -2.134295167714561, 2.1584921312480345, 3.515461114285085, -4.975688922063539, 3.0344728288033407, -1.8216107949232747, 3.620534568403877, -0.16468638401200983, 2.3851041699744004, -2.305586144541465, 4.220948603882844, 4.357203382644618, -4.237756581415048, 4.1072611008229085, 0.6488361172120465]
3100, -0.303659017557, [-3.329995070902073, 0.733358008591624, -0.4140373389229405, -2.134295167714561, 2.1584921312480345, 3.515461114285085, -4.975688922063539, 3.0344728288033407, -1.8216107949232747, 3.620534568403877, -0.16468638401200983, 2.3851041699744004, -2.305586144541465, 4.220948603882844, 4.357203382644618, -4.237756581415048, 4.1072611008229085, 0.6488361172120465]
3200, -0.303659017557, [-3.329995070902073, 0.733358008591624, -0.4140373389229405, -2.134295167714561, 2.1584921312480345, 3.515461114285085, -4.975688922063539, 3.0344728288033407, -1.8216107949232747, 3.620534568403877, -0.16468638401200983, 2.3851041699744004, -2.305586144541465, 4.220948603882844, 4.357203382644618, -4.237756581415048, 4.1072611008229085, 0.6488361172120465]
3300, -0.303659017557, [-3.329995070902073, 0.733358008591624, -0.4140373389229405, -2.134295167714561, 2.1584921312480345, 3.515461114285085, -4.975688922063539, 3.0344728288033407, -1.8216107949232747, 3.620534568403877, -0.16468638401200983, 2.3851041699744004, -2.305586144541465, 4.220948603882844, 4.357203382644618, -4.237756581415048, 4.1072611008229085, 0.6488361172120465]
3400, -0.307178336121, [1.517373000515505, 4.180447301569641, 2.6930817314616493, 3.9347375725399685, -2.0485288920905367, 1.6055419711522534, 2.4726868360144856, -4.785612794005008, 3.8424460435602805, -0.2681366469119799, 1.3515409709430806, 0.03760452855585106, 0.1988436849081444, 0.12515973891457222, -2.5986780383435635, 3.227175947347334, -1.546408081238372, -4.667394797328895]
3500, -0.307178336121, [1.517373000515505, 4.180447301569641, 2.6930817314616493, 3.9347375725399685, -2.0485288920905367, 1.6055419711522534, 2.4726868360144856, -4.785612794005008, 3.8424460435602805, -0.2681366469119799, 1.3515409709430806, 0.03760452855585106, 0.1988436849081444, 0.12515973891457222, -2.5986780383435635, 3.227175947347334, -1.546408081238372, -4.667394797328895]
3600, -0.309955279347, [-3.329995070902073, 0.733358008591624, -0.4140373389229405, -2.134295167714561, 2.2681276588292496, 3.515461114285085, -4.975688922063539, 2.667343868636479, -1.8216107949232747, 3.620534568403877, -0.16468638401200983, 2.3851041699744004, -2.305586144541465, 4.220948603882844, 4.357203382644618, -4.237756581415048, 4.1072611008229085, 0.6488361172120465]
3700, -0.309955279347, [-3.329995070902073, 0.733358008591624, -0.4140373389229405, -2.134295167714561, 2.2681276588292496, 3.515461114285085, -4.975688922063539, 2.667343868636479, -1.8216107949232747, 3.620534568403877, -0.16468638401200983, 2.3851041699744004, -2.305586144541465, 4.220948603882844, 4.357203382644618, -4.237756581415048, 4.1072611008229085, 0.6488361172120465]
3800, -0.309955279347, [-3.329995070902073, 0.733358008591624, -0.4140373389229405, -2.134295167714561, 2.2681276588292496, 3.515461114285085, -4.975688922063539, 2.667343868636479, -1.8216107949232747, 3.620534568403877, -0.16468638401200983, 2.3851041699744004, -2.305586144541465, 4.220948603882844, 4.357203382644618, -4.237756581415048, 4.1072611008229085, 0.6488361172120465]
3900, -0.321338440055, [2.9971144515648325, -0.14130119861136758, 4.583561670422156, 3.1081410957782967, -1.040737643252756, 0.5139313474644613, -4.695219071027477, 4.925203284854337, 0.6151306895178501, -1.40468514896678, 4.235985976815066, 1.7962196368123178, -4.16417832690756, -0.5328168300730836, 4.249829819420338, -3.8650332433863115, -2.049408961637094, 2.2584356748920564]
4000, -0.321338440055, [2.9971144515648325, -0.14130119861136758, 4.583561670422156, 3.1081410957782967, -1.040737643252756, 0.5139313474644613, -4.695219071027477, 4.925203284854337, 0.6151306895178501, -1.40468514896678, 4.235985976815066, 1.7962196368123178, -4.16417832690756, -0.5328168300730836, 4.249829819420338, -3.8650332433863115, -2.049408961637094, 2.2584356748920564]
4100, -0.321338440055, [2.9971144515648325, -0.14130119861136758, 4.583561670422156, 3.1081410957782967, -1.040737643252756, 0.5139313474644613, -4.695219071027477, 4.925203284854337, 0.6151306895178501, -1.40468514896678, 4.235985976815066, 1.7962196368123178, -4.16417832690756, -0.5328168300730836, 4.249829819420338, -3.8650332433863115, -2.049408961637094, 2.2584356748920564]
4200, -0.321338440055, [2.9971144515648325, -0.14130119861136758, 4.583561670422156, 3.1081410957782967, -1.040737643252756, 0.5139313474644613, -4.695219071027477, 4.925203284854337, 0.6151306895178501, -1.40468514896678, 4.235985976815066, 1.7962196368123178, -4.16417832690756, -0.5328168300730836, 4.249829819420338, -3.8650332433863115, -2.049408961637094, 2.2584356748920564]
4300, -0.323940518794, [2.9971144515648325, -0.14130119861136758, 4.583561670422156, 3.1081410957782967, -1.040737643252756, 0.5139313474644613, -4.695219071027477, 4.925203284854337, 0.6151306895178501, -1.40468514896678, 4.235985976815066, 1.7962196368123178, -4.16417832690756, -0.5328168300730836, 4.249829819420338, -3.8650332433863115, -2.049408961637094, 1.989834073537021]
4400, -0.323940518794, [2.9971144515648325, -0.14130119861136758, 4.583561670422156, 3.1081410957782967, -1.040737643252756, 0.5139313474644613, -4.695219071027477, 4.925203284854337, 0.6151306895178501, -1.40468514896678, 4.235985976815066, 1.7962196368123178, -4.16417832690756, -0.5328168300730836, 4.249829819420338, -3.8650332433863115, -2.049408961637094, 1.989834073537021]
4500, -0.323940518794, [2.9971144515648325, -0.14130119861136758, 4.583561670422156, 3.1081410957782967, -1.040737643252756, 0.5139313474644613, -4.695219071027477, 4.925203284854337, 0.6151306895178501, -1.40468514896678, 4.235985976815066, 1.7962196368123178, -4.16417832690756, -0.5328168300730836, 4.249829819420338, -3.8650332433863115, -2.049408961637094, 1.989834073537021]
4600, -0.323940518794, [2.9971144515648325, -0.14130119861136758, 4.583561670422156, 3.1081410957782967, -1.040737643252756, 0.5139313474644613, -4.695219071027477, 4.925203284854337, 0.6151306895178501, -1.40468514896678, 4.235985976815066, 1.7962196368123178, -4.16417832690756, -0.5328168300730836, 4.249829819420338, -3.8650332433863115, -2.049408961637094, 1.989834073537021]
4700, -0.323940518794, [2.9971144515648325, -0.14130119861136758, 4.583561670422156, 3.1081410957782967, -1.040737643252756, 0.5139313474644613, -4.695219071027477, 4.925203284854337, 0.6151306895178501, -1.40468514896678, 4.235985976815066, 1.7962196368123178, -4.16417832690756, -0.5328168300730836, 4.249829819420338, -3.8650332433863115, -2.049408961637094, 1.989834073537021]
4800, -0.323940518794, [2.9971144515648325, -0.14130119861136758, 4.583561670422156, 3.1081410957782967, -1.040737643252756, 0.5139313474644613, -4.695219071027477, 4.925203284854337, 0.6151306895178501, -1.40468514896678, 4.235985976815066, 1.7962196368123178, -4.16417832690756, -0.5328168300730836, 4.249829819420338, -3.8650332433863115, -2.049408961637094, 1.989834073537021]
4900, -0.324685114345, [-3.09944968380117, 0.5428622772097935, -0.6380906715346111, -1.7329051743330117, 1.8180154268179878, 3.2904503350291727, -4.845340609856543, 2.6029182535338578, -2.0654291692699416, 3.6372048598484836, 0.005471297818741672, 2.905685706315033, -1.7497028916546662, 4.4118855962683305, 4.647954715425958, -4.326463901722115, 4.587968737626154, 0.8401443068475971]
5000, -0.324685114345, [-3.09944968380117, 0.5428622772097935, -0.6380906715346111, -1.7329051743330117, 1.8180154268179878, 3.2904503350291727, -4.845340609856543, 2.6029182535338578, -2.0654291692699416, 3.6372048598484836, 0.005471297818741672, 2.905685706315033, -1.7497028916546662, 4.4118855962683305, 4.647954715425958, -4.326463901722115, 4.587968737626154, 0.8401443068475971]
5100, -0.324685114345, [-3.09944968380117, 0.5428622772097935, -0.6380906715346111, -1.7329051743330117, 1.8180154268179878, 3.2904503350291727, -4.845340609856543, 2.6029182535338578, -2.0654291692699416, 3.6372048598484836, 0.005471297818741672, 2.905685706315033, -1.7497028916546662, 4.4118855962683305, 4.647954715425958, -4.326463901722115, 4.587968737626154, 0.8401443068475971]
5200, -0.324685114345, [-3.09944968380117, 0.5428622772097935, -0.6380906715346111, -1.7329051743330117, 1.8180154268179878, 3.2904503350291727, -4.845340609856543, 2.6029182535338578, -2.0654291692699416, 3.6372048598484836, 0.005471297818741672, 2.905685706315033, -1.7497028916546662, 4.4118855962683305, 4.647954715425958, -4.326463901722115, 4.587968737626154, 0.8401443068475971]
5300, -0.324768931366, [2.7530015522425266, -0.14130119861136758, 4.583561670422156, 3.1081410957782967, -1.040737643252756, 0.5139313474644613, -4.695219071027477, 4.925203284854337, 0.6151306895178501, -1.40468514896678, 4.235985976815066, 1.7962196368123178, -4.16417832690756, -0.5328168300730836, 4.249829819420338, -3.8650332433863115, -2.049408961637094, 1.989834073537021]
5400, -0.347760869292, [0.9683311597348747, -0.974209994579905, 3.2639249102218413, -0.2270603525561974, -0.004935091135937111, 0.5589228693561221, 1.6040238335149795, -1.2883207769304663, -4.982349185367672, -3.3390709047961145, -3.724098735206565, -3.1302344234947195, -3.8287508588027253, -3.953935798647912, -0.7032786575722829, -1.9418591484764356, -2.1446722326693264, 0.01840442353450822]
5500, -0.347760869292, [0.9683311597348747, -0.974209994579905, 3.2639249102218413, -0.2270603525561974, -0.004935091135937111, 0.5589228693561221, 1.6040238335149795, -1.2883207769304663, -4.982349185367672, -3.3390709047961145, -3.724098735206565, -3.1302344234947195, -3.8287508588027253, -3.953935798647912, -0.7032786575722829, -1.9418591484764356, -2.1446722326693264, 0.01840442353450822]
5600, -0.352126673292, [0.9683311597348747, -0.974209994579905, 3.2639249102218413, -0.2270603525561974, -0.004935091135937111, 0.5589228693561221, 1.6040238335149795, -1.2883207769304663, -4.982349185367672, -3.3390709047961145, -3.724098735206565, -3.1302344234947195, -3.8287508588027253, -3.953935798647912, -0.7032786575722829, -1.6666335912733483, -2.1446722326693264, 0.01840442353450822]
5700, -0.352126673292, [0.9683311597348747, -0.974209994579905, 3.2639249102218413, -0.2270603525561974, -0.004935091135937111, 0.5589228693561221, 1.6040238335149795, -1.2883207769304663, -4.982349185367672, -3.3390709047961145, -3.724098735206565, -3.1302344234947195, -3.8287508588027253, -3.953935798647912, -0.7032786575722829, -1.6666335912733483, -2.1446722326693264, 0.01840442353450822]
5800, -0.352126673292, [0.9683311597348747, -0.974209994579905, 3.2639249102218413, -0.2270603525561974, -0.004935091135937111, 0.5589228693561221, 1.6040238335149795, -1.2883207769304663, -4.982349185367672, -3.3390709047961145, -3.724098735206565, -3.1302344234947195, -3.8287508588027253, -3.953935798647912, -0.7032786575722829, -1.6666335912733483, -2.1446722326693264, 0.01840442353450822]
5900, -0.352126673292, [0.9683311597348747, -0.974209994579905, 3.2639249102218413, -0.2270603525561974, -0.004935091135937111, 0.5589228693561221, 1.6040238335149795, -1.2883207769304663, -4.982349185367672, -3.3390709047961145, -3.724098735206565, -3.1302344234947195, -3.8287508588027253, -3.953935798647912, -0.7032786575722829, -1.6666335912733483, -2.1446722326693264, 0.01840442353450822]
6000, -0.352126673292, [0.9683311597348747, -0.974209994579905, 3.2639249102218413, -0.2270603525561974, -0.004935091135937111, 0.5589228693561221, 1.6040238335149795, -1.2883207769304663, -4.982349185367672, -3.3390709047961145, -3.724098735206565, -3.1302344234947195, -3.8287508588027253, -3.953935798647912, -0.7032786575722829, -1.6666335912733483, -2.1446722326693264, 0.01840442353450822]
6100, -0.352126673292, [0.9683311597348747, -0.974209994579905, 3.2639249102218413, -0.2270603525561974, -0.004935091135937111, 0.5589228693561221, 1.6040238335149795, -1.2883207769304663, -4.982349185367672, -3.3390709047961145, -3.724098735206565, -3.1302344234947195, -3.8287508588027253, -3.953935798647912, -0.7032786575722829, -1.6666335912733483, -2.1446722326693264, 0.01840442353450822]
6200, -0.352126673292, [0.9683311597348747, -0.974209994579905, 3.2639249102218413, -0.2270603525561974, -0.004935091135937111, 0.5589228693561221, 1.6040238335149795, -1.2883207769304663, -4.982349185367672, -3.3390709047961145, -3.724098735206565, -3.1302344234947195, -3.8287508588027253, -3.953935798647912, -0.7032786575722829, -1.6666335912733483, -2.1446722326693264, 0.01840442353450822]
6300, -0.352126673292, [0.9683311597348747, -0.974209994579905, 3.2639249102218413, -0.2270603525561974, -0.004935091135937111, 0.5589228693561221, 1.6040238335149795, -1.2883207769304663, -4.982349185367672, -3.3390709047961145, -3.724098735206565, -3.1302344234947195, -3.8287508588027253, -3.953935798647912, -0.7032786575722829, -1.6666335912733483, -2.1446722326693264, 0.01840442353450822]
6400, -0.352126673292, [0.9683311597348747, -0.974209994579905, 3.2639249102218413, -0.2270603525561974, -0.004935091135937111, 0.5589228693561221, 1.6040238335149795, -1.2883207769304663, -4.982349185367672, -3.3390709047961145, -3.724098735206565, -3.1302344234947195, -3.8287508588027253, -3.953935798647912, -0.7032786575722829, -1.6666335912733483, -2.1446722326693264, 0.01840442353450822]
6500, -0.352126673292, [0.9683311597348747, -0.974209994579905, 3.2639249102218413, -0.2270603525561974, -0.004935091135937111, 0.5589228693561221, 1.6040238335149795, -1.2883207769304663, -4.982349185367672, -3.3390709047961145, -3.724098735206565, -3.1302344234947195, -3.8287508588027253, -3.953935798647912, -0.7032786575722829, -1.6666335912733483, -2.1446722326693264, 0.01840442353450822]
6600, -0.352126673292, [0.9683311597348747, -0.974209994579905, 3.2639249102218413, -0.2270603525561974, -0.004935091135937111, 0.5589228693561221, 1.6040238335149795, -1.2883207769304663, -4.982349185367672, -3.3390709047961145, -3.724098735206565, -3.1302344234947195, -3.8287508588027253, -3.953935798647912, -0.7032786575722829, -1.6666335912733483, -2.1446722326693264, 0.01840442353450822]
6700, -0.352126673292, [0.9683311597348747, -0.974209994579905, 3.2639249102218413, -0.2270603525561974, -0.004935091135937111, 0.5589228693561221, 1.6040238335149795, -1.2883207769304663, -4.982349185367672, -3.3390709047961145, -3.724098735206565, -3.1302344234947195, -3.8287508588027253, -3.953935798647912, -0.7032786575722829, -1.6666335912733483, -2.1446722326693264, 0.01840442353450822]
6800, -0.352126673292, [0.9683311597348747, -0.974209994579905, 3.2639249102218413, -0.2270603525561974, -0.004935091135937111, 0.5589228693561221, 1.6040238335149795, -1.2883207769304663, -4.982349185367672, -3.3390709047961145, -3.724098735206565, -3.1302344234947195, -3.8287508588027253, -3.953935798647912, -0.7032786575722829, -1.6666335912733483, -2.1446722326693264, 0.01840442353450822]
6900, -0.352126673292, [0.9683311597348747, -0.974209994579905, 3.2639249102218413, -0.2270603525561974, -0.004935091135937111, 0.5589228693561221, 1.6040238335149795, -1.2883207769304663, -4.982349185367672, -3.3390709047961145, -3.724098735206565, -3.1302344234947195, -3.8287508588027253, -3.953935798647912, -0.7032786575722829, -1.6666335912733483, -2.1446722326693264, 0.01840442353450822]
7000, -0.352126673292, [0.9683311597348747, -0.974209994579905, 3.2639249102218413, -0.2270603525561974, -0.004935091135937111, 0.5589228693561221, 1.6040238335149795, -1.2883207769304663, -4.982349185367672, -3.3390709047961145, -3.724098735206565, -3.1302344234947195, -3.8287508588027253, -3.953935798647912, -0.7032786575722829, -1.6666335912733483, -2.1446722326693264, 0.01840442353450822]
7100, -0.352126673292, [0.9683311597348747, -0.974209994579905, 3.2639249102218413, -0.2270603525561974, -0.004935091135937111, 0.5589228693561221, 1.6040238335149795, -1.2883207769304663, -4.982349185367672, -3.3390709047961145, -3.724098735206565, -3.1302344234947195, -3.8287508588027253, -3.953935798647912, -0.7032786575722829, -1.6666335912733483, -2.1446722326693264, 0.01840442353450822]
7200, -0.352126673292, [0.9683311597348747, -0.974209994579905, 3.2639249102218413, -0.2270603525561974, -0.004935091135937111, 0.5589228693561221, 1.6040238335149795, -1.2883207769304663, -4.982349185367672, -3.3390709047961145, -3.724098735206565, -3.1302344234947195, -3.8287508588027253, -3.953935798647912, -0.7032786575722829, -1.6666335912733483, -2.1446722326693264, 0.01840442353450822]
7300, -0.352126673292, [0.9683311597348747, -0.974209994579905, 3.2639249102218413, -0.2270603525561974, -0.004935091135937111, 0.5589228693561221, 1.6040238335149795, -1.2883207769304663, -4.982349185367672, -3.3390709047961145, -3.724098735206565, -3.1302344234947195, -3.8287508588027253, -3.953935798647912, -0.7032786575722829, -1.6666335912733483, -2.1446722326693264, 0.01840442353450822]
7400, -0.352126673292, [0.9683311597348747, -0.974209994579905, 3.2639249102218413, -0.2270603525561974, -0.004935091135937111, 0.5589228693561221, 1.6040238335149795, -1.2883207769304663, -4.982349185367672, -3.3390709047961145, -3.724098735206565, -3.1302344234947195, -3.8287508588027253, -3.953935798647912, -0.7032786575722829, -1.6666335912733483, -2.1446722326693264, 0.01840442353450822]
7500, -0.352126673292, [0.9683311597348747, -0.974209994579905, 3.2639249102218413, -0.2270603525561974, -0.004935091135937111, 0.5589228693561221, 1.6040238335149795, -1.2883207769304663, -4.982349185367672, -3.3390709047961145, -3.724098735206565, -3.1302344234947195, -3.8287508588027253, -3.953935798647912, -0.7032786575722829, -1.6666335912733483, -2.1446722326693264, 0.01840442353450822]
7600, -0.352126673292, [0.9683311597348747, -0.974209994579905, 3.2639249102218413, -0.2270603525561974, -0.004935091135937111, 0.5589228693561221, 1.6040238335149795, -1.2883207769304663, -4.982349185367672, -3.3390709047961145, -3.724098735206565, -3.1302344234947195, -3.8287508588027253, -3.953935798647912, -0.7032786575722829, -1.6666335912733483, -2.1446722326693264, 0.01840442353450822]
7700, -0.352126673292, [0.9683311597348747, -0.974209994579905, 3.2639249102218413, -0.2270603525561974, -0.004935091135937111, 0.5589228693561221, 1.6040238335149795, -1.2883207769304663, -4.982349185367672, -3.3390709047961145, -3.724098735206565, -3.1302344234947195, -3.8287508588027253, -3.953935798647912, -0.7032786575722829, -1.6666335912733483, -2.1446722326693264, 0.01840442353450822]
7800, -0.352126673292, [0.9683311597348747, -0.974209994579905, 3.2639249102218413, -0.2270603525561974, -0.004935091135937111, 0.5589228693561221, 1.6040238335149795, -1.2883207769304663, -4.982349185367672, -3.3390709047961145, -3.724098735206565, -3.1302344234947195, -3.8287508588027253, -3.953935798647912, -0.7032786575722829, -1.6666335912733483, -2.1446722326693264, 0.01840442353450822]
7900, -0.352126673292, [0.9683311597348747, -0.974209994579905, 3.2639249102218413, -0.2270603525561974, -0.004935091135937111, 0.5589228693561221, 1.6040238335149795, -1.2883207769304663, -4.982349185367672, -3.3390709047961145, -3.724098735206565, -3.1302344234947195, -3.8287508588027253, -3.953935798647912, -0.7032786575722829, -1.6666335912733483, -2.1446722326693264, 0.01840442353450822]
8000, -0.352126673292, [0.9683311597348747, -0.974209994579905, 3.2639249102218413, -0.2270603525561974, -0.004935091135937111, 0.5589228693561221, 1.6040238335149795, -1.2883207769304663, -4.982349185367672, -3.3390709047961145, -3.724098735206565, -3.1302344234947195, -3.8287508588027253, -3.953935798647912, -0.7032786575722829, -1.6666335912733483, -2.1446722326693264, 0.01840442353450822]
8100, -0.352180733798, [0.9683311597348747, -0.974209994579905, 3.2461328198448935, -0.2270603525561974, -0.004935091135937111, 0.5589228693561221, 1.6040238335149795, -1.2883207769304663, -4.982349185367672, -3.3390709047961145, -3.724098735206565, -3.1302344234947195, -3.8287508588027253, -3.953935798647912, -0.7032786575722829, -1.6666335912733483, -2.1446722326693264, 0.01840442353450822]
8200, -0.352180733798, [0.9683311597348747, -0.974209994579905, 3.2461328198448935, -0.2270603525561974, -0.004935091135937111, 0.5589228693561221, 1.6040238335149795, -1.2883207769304663, -4.982349185367672, -3.3390709047961145, -3.724098735206565, -3.1302344234947195, -3.8287508588027253, -3.953935798647912, -0.7032786575722829, -1.6666335912733483, -2.1446722326693264, 0.01840442353450822]
8300, -0.352180733798, [0.9683311597348747, -0.974209994579905, 3.2461328198448935, -0.2270603525561974, -0.004935091135937111, 0.5589228693561221, 1.6040238335149795, -1.2883207769304663, -4.982349185367672, -3.3390709047961145, -3.724098735206565, -3.1302344234947195, -3.8287508588027253, -3.953935798647912, -0.7032786575722829, -1.6666335912733483, -2.1446722326693264, 0.01840442353450822]
8400, -0.356556669505, [0.9471817970051122, -0.9549817771591441, 3.2511561462724448, -0.23898099243062618, -0.06549218278691235, 0.5740851460770887, 1.5792155496578526, -1.3466421208894712, -4.984288286782375, -3.3330984653224935, -3.7521426352823952, -3.076940833313229, -3.8147859549891034, -3.9577933357713966, -0.654235413397523, -1.5563394052067427, -2.3578619263441247, 0.10320974795106626]
8500, -0.361488852969, [0.9465289335582288, -0.9409469322581457, 3.2398800714456732, -0.19045462775694078, -0.08888238955192802, 0.5879830318699103, 1.6315792271821459, -1.3456464990165273, -4.989633128617535, -3.321826562017304, -3.691669852162835, -3.0811922346146403, -3.787253223929244, -3.8236611042565096, -0.645452277731088, -1.6164472808405554, -2.20386835719131, 0.11527627817809602]
8600, -0.363445988172, [0.9933295195555232, -0.8952235501538888, 3.2619567842424466, -0.10234779900175019, -0.061243518648397645, 0.6432559108947045, 1.6634490420000565, -1.4860817722926138, -4.991056560257054, -3.3139528828508826, -3.6141391813317463, -3.113723746375182, -3.8370241620431766, -3.756163479522618, -0.6078900488277279, -1.3562844254833168, -2.530052690197126, 0.10272448553211429]
8700, -0.367634010316, [1.015620710736165, -0.8073200780326162, 3.2566772914005817, -0.12470359987514724, -0.08618215130796975, 0.5559327119450763, 1.7141420500065259, -1.3597227651595019, -4.981860539153876, -3.154128011485244, -3.569797287730887, -3.0525298257887536, -3.8149406185634667, -3.636911573987549, -0.87589840915744, -1.5129579385847125, -2.672520460088976, 0.3888913977628389]
8800, -0.369823599505, [0.6868177362960206, -0.6182845011367755, 3.373930104566507, 0.04321512097862805, -0.11560349222193374, 0.47138124909963114, 1.7074702485567672, -1.527512078141461, -4.9942038473728445, -3.065039631581376, -3.5689368997229107, -3.0155711665958624, -3.602153874722301, -3.5285260034406907, -1.1127869317978103, -1.7713918600463339, -3.0071126793591154, 0.5218823905577307]
8900, -0.369989394771, [0.7046271456676559, -0.5776622338154326, 3.3752869458401427, 0.041550599157598955, -0.11653530081762356, 0.46492943433305245, 1.7046665756510502, -1.5491919821060698, -4.994554624937598, -3.0661325886909494, -3.5547832074969445, -3.0223864200506103, -3.6020644969686533, -3.548529021853408, -1.103493365089452, -1.7901117260949775, -2.973381106577476, 0.5108336590026501]
9000, -0.370358295452, [0.7238139061782283, -0.5925733710577074, 3.3643722125128743, 0.030592570127354227, -0.07453766451243682, 0.5007707686504858, 1.7036380076339563, -1.5567841841539323, -4.998877070206057, -3.04621745514378, -3.5796157107422713, -3.0089883001791584, -3.6152254599298788, -3.510061951079649, -1.0592577080925754, -1.6874082081790585, -2.9536793976201756, 0.4809031525751171]
9100, -0.370433409639, [0.6784812038631975, -0.5848112407580489, 3.3797577610350333, 0.07745270349428125, -0.03686098880156897, 0.49579516492388115, 1.6915311860747968, -1.57694781554831, -4.999408779173052, -3.013012834813972, -3.6280203000924436, -3.0093984966983274, -3.6439792039731658, -3.4603996630179767, -1.0522010891288658, -1.7428907703623389, -2.911379392314016, 0.4892851440123725]
9200, -0.370481758568, [0.676702992450591, -0.5675335178255363, 3.3669636658545667, 0.05002020604260646, -0.052752173160320666, 0.5049235699434729, 1.682616813228886, -1.5773378308752957, -4.998930166329803, -3.049629368532923, -3.6201248742013625, -3.0010408766568637, -3.6088512452663317, -3.4616267599288486, -1.077158721736489, -1.746445050178515, -2.9413692140249434, 0.4969450878529375]
9300, -0.370503395087, [0.6748816848624222, -0.5802487716730699, 3.3664273993929266, 0.056897364291365195, -0.051543617338516805, 0.5100919147862676, 1.6723126815750724, -1.5723583971062465, -4.9997730613826485, -3.0402111159128165, -3.628754754880931, -3.0034058254689495, -3.6158648806338833, -3.4619635800511164, -1.0674658735414388, -1.7569163733752915, -2.9299405766530335, 0.49604963477265834]
9400, -0.370514910665, [0.6799708385696818, -0.5717869302152145, 3.3663032717007706, 0.06190640440728741, -0.048848436164518824, 0.5045272340836262, 1.6777713312569524, -1.5703611228291696, -4.999982877325809, -3.016306493872365, -3.64644382623911, -3.0035231297444773, -3.6216789801295115, -3.45439751957563, -1.0765669404716238, -1.7744891088161354, -2.917834898778297, 0.5024074214337267]
9500, -0.37052434433, [0.6778575676207225, -0.557874065120366, 3.364333533035861, 0.06651055215311882, -0.049151830110520815, 0.5041171185576143, 1.6760241769843265, -1.576096532779189, -4.999919068715498, -3.0038323157359623, -3.66901455528505, -2.9986650826429924, -3.6248471864942875, -3.4488683038621626, -1.0766027349388436, -1.7893683711644677, -2.907236216771271, 0.5049505945752824]
9600, -0.370529535236, [0.6702253208015267, -0.5559455179854904, 3.3669960490392588, 0.06693170227218749, -0.04822662308548405, 0.5075784947128978, 1.6714932883301905, -1.5819640672362978, -4.999957263670017, -3.005595785732512, -3.665432263349351, -2.997634393426401, -3.6196728757876855, -3.4396688222993914, -1.078564550270084, -1.7915816303738858, -2.9177007793298384, 0.509262318586789]
9700, -0.370535545479, [0.6789254939295484, -0.55293735663406, 3.3512210750387474, 0.06199044754830865, -0.04911342871087929, 0.518465390110807, 1.675465511036339, -1.5794076784338353, -4.999986225457065, -3.0009505039266213, -3.6825439839525638, -2.9960420635810663, -3.6154934818892475, -3.429741099126658, -1.0894710905402172, -1.8046338571271445, -2.9100270140156175, 0.5168499531619731]
9800, -0.370539569898, [0.678875262782374, -0.5513287534715247, 3.3367456575032732, 0.06951239331356551, -0.03783229260694299, 0.5328131258113596, 1.666701129542268, -1.574865024242935, -4.999963246008051, -2.9908218555339054, -3.712307840508581, -2.9939530435665302, -3.613355372895797, -3.4153518201794575, -1.1014467058326136, -1.831240371940821, -2.898996776608093, 0.5352542744901851]
